segmentnr	original	analyzed	folio	translated
['PA_patthana_22.34:0.1', 'PA_patthana_22.34:0.2', 'PA_patthana_22.34:0.3']	Paṭṭhānapakaraṇa🔽Dhammapaccanīyānuloma (4), Tikadukapaṭṭhānapāḷi (4)🔽22.34. Sanidassanattika, Kilesadukādi	paṭṭhāna pakaraṇa  dhamma paccanīya anuloma tika duka paṭṭhāna pāḷi  sani dassana ttika kilesa duka ādi 	0	The Paṭṭhāna Treatise🔽The Dhamma Paccanīyānuloma, the Tikadukapaṭṭhānapāḷi🔽.. With Object, with Defilements, etc.
['PA_patthana_22.34:1.1', 'PA_patthana_22.34:2.1']	Nasanidassanasappaṭighaṁ nokilesaṁ dhammaṁ paṭicca anidassanaappaṭigho kileso dhammo uppajjati hetupaccayā. (Saṅkhittaṁ.)🔽Hetuyā tīṇi …pe… avigate tīṇi.	na sa nidassana sa ppaṭigham no kilesam dhammam paṭicca anidassana appaṭighaḥ kilesaḥ dhammo uppajjati hetu paccayā 🔽hetuyā tīṇi pe avigate tīṇi 	1	With object, with resistance, not a root, a non-contaminant idea has arisen with object, with resistance, a root, a contaminant idea has arisen. With object, with resistance, not a root, a non-contaminant idea has arisen with object, with resistance, a root, a non-contaminant idea has arisen. With object, with resistance, not a root, a non-contaminant idea has arisen with object, with resistance, a root, a non-root, a non-contaminant idea has arisen. With object, with resistance, not a root, a non-contaminant idea has arisen with object, with resistance, a root, a root and non-root, a non-contaminant idea has arisen. With object, with resistance, not a root, a non-contaminant idea has arisen with object, with resistance, a root, a root and non-root, a non-contaminant idea has arisen with object, with resistance, a root, a non-contaminant idea has arisen. With object, with resistance, not a root, a non-contaminant idea has arisen with object, with resistance, a root, a root and non-root, a non-contaminant idea has arisen with object, with resistance, a root, a root and non-root, a non-contaminant idea has arisen with object, with resistance, a root, a root and non-root, a non-contaminant idea has arisen with object, with resistance, a root, a root and non-root, a non-contaminant idea has arisen with object, with resistance, a root, a root and non-root, a non-contaminant idea has arisen with object, with resistance, a root, a root and non-root, a non-contaminant idea has arisen with object, with resistance, a root, a root and non-root, a non-contaminant idea has arisen with object, with resistance, a root, a root and non-root, a non-contaminant idea has arisen with object, with resistance, a root, a root and non-root, a non-contaminant idea has arisen with object
