segmentnr	original	analyzed	folio	translated
['PA_patthana_3.4:0.1', 'PA_patthana_3.4:0.2', 'PA_patthana_3.4:0.3']	Paṭṭhānapakaraṇa🔽Dhammānuloma (1), Dukatikapaṭṭhānapāḷi (3)🔽3.4. Āsavagocchaka, Kusalattika	paṭṭhāna pakaraṇa  dhamma anuloma  āsavagocchaka kusalattika 	0	The Book of Conditional Relations🔽In conformity with the ideas, The exposition in triplets,🔽The section on the effluents, The exposition in triplets,
['PA_patthana_3.4:1.0.1']	Paccayacatukka	paccaya catukka 	1	The section on conditions in fours,
['PA_patthana_3.4:1.0.2']	Hetu	hetu 	1	Cause
['PA_patthana_3.4:1.1']	Noāsavaṁ kusalaṁ dhammaṁ paṭicca noāsavo kusalo dhammo uppajjati hetupaccayā. (Saṅkhittaṁ.)	noāsavam kusalam dhammam paṭicca noāsavaḥ kusalaḥ dhammo uppajjati hetu paccayā 	1	With an object that is not an effluent, a wholesome consciousness arises in conformity with the object. (Abbreviated.)
['PA_patthana_3.4:2.1']	Hetuyā ekaṁ, ārammaṇe ekaṁ …pe… kamme ekaṁ …pe… avigate ekaṁ. (Saṅkhittaṁ.)	hetuyā eka ārammaṇe ekaṃ pe kamme ekaṃ pe avigate eka saṅkhitta 	2	With cause as condition, one. With object as condition, one. (Abbreviated.) … With kamma as condition, one. (Abbreviated.) … With the inconstant as condition, one. (Abbreviated.)
['PA_patthana_3.4:3.1']	(Sahajātavārepi …pe… pañhāvārepi sabbattha ekaṁ.)	sahajāta vāre pi pe pañhā vāre pi sabbattha eka 	3	(In the section on conascence, etc., and in the questions, there is one in each case.)
['PA_patthana_3.4:4.0.1']	3.4.1.2. Akusalapada	akusalapada 	4	… The unwholesome root
['PA_patthana_3.4:4.0.2']	Hetu	hetu 	4	Cause
['PA_patthana_3.4:4.1']	Āsavaṁ akusalaṁ dhammaṁ paṭicca āsavo akusalo dhammo uppajjati hetupaccayā. (Saṅkhittaṁ.)	āsavam akusalam dhammam paṭicca āsavaḥ akusalaḥ dhammo uppajjati hetu paccayā 	4	With an object that is an effluent, an unwholesome consciousness arises in conformity with the object. (Abbreviated.)
['PA_patthana_3.4:5.1']	Hetuyā nava, ārammaṇe nava …pe… avigate nava. (Saṅkhittaṁ.)	hetuyā nava ārammaṇe nava pe avigate nava saṅkhitta 	5	With cause as condition, nine. With object as condition, nine. (Abbreviated.) … With the inconstant as condition, nine. (Abbreviated.)
['PA_patthana_3.4:6.1']	Nahetuyā ekaṁ, naadhipatiyā nava …pe… nakamme tīṇi, navipāke nava, navippayutte nava. (Saṅkhittaṁ.)	na hetuyā eka na adhipatiyā nava pe na kamme tīṇi na vipāke nava na vippayutte nava saṅkhitta 	6	With non-cause as condition, one. With non-predominance as condition, nine. (Abbreviated.) … With non-kamma as condition, three. With non-result as condition, nine. With non-object as condition, nine. (Abbreviated.)
['PA_patthana_3.4:7.1']	(Sahajātavāropi …pe… sampayuttavāropi sabbattha vitthāretabbo.)	sahajāta vāraḥ pi pe sampayutta vāraḥ pi sabbattha vitthāretabbaḥ 	7	(In the section on conascence, etc., and in the section on “with the disjoined as condition,” there is one in each case.)
['PA_patthana_3.4:8.1']	Āsavo akusalo dhammo āsavassa akusalassa dhammassa hetupaccayena paccayo.	āsavaḥ akusalaḥ dhammaḥ āsavassa akusalassa dhammassa hetu paccayena paccayaḥ 	8	A cankerous indeterminate dhammas is related to a cankerous indeterminate dhammas as root-cause condition.
['PA_patthana_3.4:9.1_0', 'PA_patthana_3.4:9.1_1']	Hetuyā satta, ārammaṇe nava, adhipatiyā nava (majjhe tiṇṇaṁ sahajātādhipati labbhati),🔽anantare nava …pe… upanissaye nava, āsevane nava, kamme tīṇi …pe… jhāne tīṇi, magge	hetuyā satta ārammaṇe nava adhipatiyā nava majjhe tiṇṇam sahajāta adhipati labbhati  anantare nava pe upanissaye nava āsevane nava kamme tīṇi pe jhāne tīṇi magge 	9	As root-cause, seven; as object, nine; as predominance, nine.
['PA_patthana_3.4:9.1_2']	nava …pe… avigate nava. (Saṅkhittaṁ.)	nava pe avigate nava saṅkhitta 	9	In the section on the immediate antecedent, nine; in the section on decisive support, nine; in the section on nutriment, nine; in the section on faculty, nine; in the section on path, nine.🔽(The rest in brief.)
['PA_patthana_3.4:10.0.1']	3.4.1.3. Abyākatapada	a byākata pada 	10	... Indeterminate dhammas
['PA_patthana_3.4:10.0.2']	Hetu	hetu 	10	Root-cause
['PA_patthana_3.4:10.1']	Noāsavaṁ abyākataṁ dhammaṁ paṭicca noāsavo abyākato dhammo uppajjati hetupaccayā. (Saṅkhittaṁ.)	noāsavam abyākatam dhammam paṭicca noāsavaḥ abyākataḥ dhammo uppajjati hetu paccayā 	10	A root-cause that is indeterminate is related to an indeterminate dhammas as root-cause condition. (In brief.)
['PA_patthana_3.4:11.1']	Hetuyā ekaṁ, ārammaṇe ekaṁ …pe… avigate ekaṁ. (Saṅkhittaṁ.)	hetuyā eka ārammaṇe ekaṃ pe avigate eka saṅkhitta 	11	As root-cause, one; as object, one; as decisive support, one. (In brief.)
['PA_patthana_3.4:12.1', 'PA_patthana_3.4:13.1', 'PA_patthana_3.4:14.0.1']	(Sahajātavārepi paccayavārepi …pe… pañhāvārepi sabbattha ekaṁ.)🔽Āsavadukakusalattikaṁ niṭṭhitaṁ.🔽3.4.2. Sāsavaduka, Kusalattika	sahajāta vāre pi paccaya vāre pi pe pañhā vāre pi sabbattha eka  āsava duka kusala ttikam  sāsavaduka kusalattika 	12	(In the section on conascence, in the section on conditions, in the question on the past, etc., in all cases one.)🔽The dyad of the cankerous and the triad of the wholesome is finished.🔽... The dyad of the fetters and the triad of the wholesome
['PA_patthana_3.4:14.0.2', 'PA_patthana_3.4:14.0.3', 'PA_patthana_3.4:14.0.4']	3.4.2.1. Kusalapada🔽3.4.2.1.1–6 Paṭiccādivāra🔽Paccayacatukka	kusalapada       paccaya catukka 	14	... The wholesome dhammas🔽... The section on conditionality🔽The four on conditions
['PA_patthana_3.4:14.0.5']	Hetu	hetu 	14	Root-cause
['PA_patthana_3.4:14.1']	Sāsavaṁ kusalaṁ dhammaṁ paṭicca sāsavo kusalo dhammo uppajjati hetupaccayā.	sa āsavam kusalam dhammam paṭicca sa āsavaḥ kusalaḥ dhammo uppajjati hetu paccayā 	14	With a sense-sphere wholesome state as condition, a sense-sphere wholesome state arises, by way of root condition.
['PA_patthana_3.4:15.1']	Anāsavaṁ kusalaṁ dhammaṁ paṭicca anāsavo kusalo dhammo uppajjati hetupaccayā. (Saṅkhittaṁ.)	anāsavam kusalam dhammam paṭicca anāsavaḥ kusalaḥ dhammo uppajjati hetu paccayā 	15	With a wholesome state free from the corruptions as condition, a wholesome state free from the corruptions arises, by way of root condition. (Abbreviated.)
['PA_patthana_3.4:16.1']	Hetuyā dve, ārammaṇe dve, adhipatiyā dve …pe… avigate dve. (Saṅkhittaṁ, anulomaṁ.)	hetuyā dve ārammaṇe dve adhipatiyā dve pe avigate dve saṅkhitta anuloma 	16	In the section on root condition there are two triplets and two duals. (Abbreviated.)
['PA_patthana_3.4:17.1']	Naadhipatiyā dve …pe… naāsevane ekaṁ …pe… navippayutte dve.	na adhipatiyā dve pe na āsevane ekam pe na vippayutte dve 	17	In the section on non-dominance there are two triplets and two duals. … In the section on non-deprivation there is one dual.
['PA_patthana_3.4:18.0.1']	3.4.2.1.7. Pañhāvāra	pañhāvāra 	18	The Mode of Conveying Questions
['PA_patthana_3.4:18.0.2']	Paccayacatukka	paccaya catukka 	18	The Four Conditions
['PA_patthana_3.4:18.0.3']	Hetu	hetu 	18	Root Cause
['PA_patthana_3.4:18.1']	Sāsavo kusalo dhammo sāsavassa kusalassa dhammassa hetupaccayena paccayo.	sa āsavaḥ kusalaḥ dhammaḥ sa āsavassa kusalassa dhammassa hetu paccayena paccayaḥ 	18	A sense-sphere wholesome state is a condition, by way of root cause condition, for a sense-sphere wholesome state.
['PA_patthana_3.4:19.1']	Anāsavo kusalo dhammo anāsavassa kusalassa dhammassa hetupaccayena paccayo. (Saṅkhittaṁ.)	anāsavaḥ kusalaḥ dhammaḥ anāsavassa kusalassa dhammassa hetu paccayena paccayaḥ 	19	A wholesome state free from the corruptions is a condition, by way of root cause condition, for a wholesome state free from the corruptions. (Abbreviated.)
['PA_patthana_3.4:20.1']	Hetuyā dve, ārammaṇe dve, adhipatiyā tīṇi, anantare dve …pe… nissaye dve, upanissaye cattāri, āsevane dve …pe… avigate dve. (Saṅkhittaṁ.)	hetuyā dve ārammaṇe dve adhipatiyā tīṇi anantare dve pe nissaye dve upanissaye cattāri āsevane dve pe avigate dve saṅkhitta 	20	In the section on root cause condition there are two triplets and two duals. In the section on object condition there are two triplets and two duals. In the section on predominance condition there are three triplets and two duals. … In the section on support condition there are two triplets and two duals. In the section on decisive support condition there are four triplets and two duals. In the section on prenascence condition there are two triplets and two duals. … In the section on non-disappearance condition there are two triplets and two duals. (Abbreviated.)
['PA_patthana_3.4:21.1']	(Yathā kusalattike pañhāvārassa anulomampi paccanīyampi anulomapaccanīyampi paccanīyānulomampi gaṇitaṁ, evaṁ gaṇetabbaṁ.)	yathā kusala ttike pañhāvārassa anulomam pi paccanīyam pi anuloma paccanīyam pi paccanīya anulomam pi gaṇitaḥ evam gaṇetabba 	21	(As in the case of the three wholesome roots, the questions in the section on the root-conditions should be worked out in direct and reverse order, as in the case of the three wholesome roots.)
['PA_patthana_3.4:22.0.1']	3.4.2.2. Akusalapada	akusalapada 	22	… Unwholesome root
['PA_patthana_3.4:22.0.2']	Hetu	hetu 	22	Root-cause condition
['PA_patthana_3.4:22.1']	Sāsavaṁ akusalaṁ dhammaṁ paṭicca sāsavo akusalo dhammo uppajjati hetupaccayā. (Saṅkhittaṁ.)	sa āsavam akusalam dhammam paṭicca sa āsavaḥ akusalaḥ dhammo uppajjati hetu paccayā 	22	An unwholesome root-cause dhammā is related to an unwholesome root-cause dhammā as root-cause condition.
['PA_patthana_3.4:23.1']	Hetuyā ekaṁ, ārammaṇe ekaṁ …pe… avigate ekaṁ. (Saṅkhittaṁ.)	hetuyā eka ārammaṇe ekaṃ pe avigate eka saṅkhitta 	23	(In brief:) Root-cause condition: one, object condition: one, … peerless condition: one. (In brief:)
['PA_patthana_3.4:24.1']	(Sahajātavārepi …pe… pañhāvārepi sabbattha ekaṁ.)	sahajāta vāre pi pe pañhā vāre pi sabbattha eka 	24	(In the section on conascence, etc., and in the section on questions, all the triplets are to be worked out in the same way as above.)
['PA_patthana_3.4:25.0.1', 'PA_patthana_3.4:25.0.2', 'PA_patthana_3.4:25.0.3']	3.4.2.3. Abyākatapada🔽3.4.2.3.1–6 Paṭiccādivāra🔽Paccayacatukka	a byākata pada       paccaya catukka 	25	… Indeterminate root🔽… Section on Direct Relation🔽The four conditions
['PA_patthana_3.4:25.0.4', 'PA_patthana_3.4:25.1', 'PA_patthana_3.4:26.1_0']	Hetu🔽Sāsavaṁ abyākataṁ dhammaṁ paṭicca sāsavo abyākato dhammo uppajjati hetupaccayā.🔽Anāsavaṁ abyākataṁ dhammaṁ paṭicca anāsavo abyākato dhammo uppajjati hetupaccayā.	hetu  sa āsavam abyākatam dhammam paṭicca sa āsavaḥ abyākataḥ dhammo uppajjati hetu paccayā  anāsavam abyākatam dhammam paṭicca anāsavaḥ abyākataḥ dhammo uppajjati hetu paccayā 	25	Root-cause condition🔽An indeterminate root-cause dhammā is related to an indeterminate root-cause dhammā as root-cause condition.🔽An indeterminate root-cause dhammā is related to an indeterminate root-cause dhammā as root-cause condition.
['PA_patthana_3.4:26.1_1']	Anāsavaṁ abyākataṁ dhammaṁ paṭicca sāsavo abyākato dhammo uppajjati hetupaccayā.	anāsavam abyākatam dhammam paṭicca sa āsavaḥ abyākataḥ dhammo uppajjati hetu paccayā 	26	An indeterminate root-cause dhammā is related to an indeterminate root-cause dhammā as root-cause condition.
['PA_patthana_3.4:26.1_2', 'PA_patthana_3.4:26.1_3', 'PA_patthana_3.4:27.1']	Anāsavaṁ abyākataṁ dhammaṁ paṭicca sāsavo abyākato ca anāsavo abyākato ca dhammā🔽uppajjanti hetupaccayā.🔽Sāsavaṁ abyākatañca anāsavaṁ abyākatañca dhammaṁ paṭicca sāsavo abyākato dhammo uppajjati hetupaccayā. (Saṅkhittaṁ.)	anāsavam abyākatam dhammam paṭicca sa āsavaḥ abyākato ca anāsavaḥ abyākato ca dhammā  uppajjanti hetu paccayā  sa āsavam abyākatam ca anāsavam abyākatañca dhammam paṭicca sa āsavaḥ abyākataḥ dhammaḥ uppajjati hetu paccayā 	26	With a resultant indeterminate dhamma and an acausal indeterminate dhamma as condition, a resultant indeterminate dhamma arises. (Abbreviated.)
['PA_patthana_3.4:28.1']	Hetuyā pañca, ārammaṇe dve, adhipatiyā pañca …pe… āsevane ekaṁ …pe… vipāke pañca …pe… avigate pañca. (Saṅkhittaṁ.)	hetuyā pañca ārammaṇe dve adhipatiyā pañca pe āsevane ekam pe vipāke pañca pe avigate pañca 	28	With a cause, five; with object, two; with predominance, five. … With nutriment, one. … With result, five. … With an outlet, five. (Abbreviated.)
['PA_patthana_3.4:29.1_0', 'PA_patthana_3.4:29.1_1']	Nahetuyā ekaṁ, naārammaṇe tīṇi, naadhipatiyā dve, napurejāte cattāri, napacchājāte🔽naāsevane pañca, nakamme …pe… namagge ekaṁ …pe… navippayutte dve …pe… novigate tīṇi. (Saṅkhittaṁ.)	na hetuyā eka na ārammaṇe tīṇi na adhipatiyā dve na purejāte cattāri na pacchājāte  na āsevane pañca na kamme pe na magge ekam pe na vippayutte dve pe no vigate tīṇi 	29	With no cause, one; with no object, three; with no predominance, two; with no prior, four; with no subsequent,
['PA_patthana_3.4:30.1', 'PA_patthana_3.4:31.0.1', 'PA_patthana_3.4:31.0.2', 'PA_patthana_3.4:31.0.3', 'PA_patthana_3.4:31.1']	(Sahajātavāropi …pe… sampayuttavāropi sabbattha vitthāretabbo.)🔽3.4.3.1.7. Pañhāvāra🔽Paccayacatukka🔽Hetu🔽Sāsavo abyākato dhammo sāsavassa abyākatassa dhammassa hetupaccayena paccayo.	sahajāta vāraḥ pi pe sampayutta vāraḥ pi sabbattha vitthāretabbaḥ 🔽pañhāvāra 🔽paccaya catukka 🔽hetu 🔽sa āsavaḥ abyākataḥ dhammaḥ sa āsavassa abyākatassa dhammassa hetu paccayena paccayaḥ 	30	With no nutriment, five; with no action, … With no path, one. … With no kamma-result, one. … With no arising, one. … With no passing away, one. … With no persistence, one. … With no change, one. … With no specific conditionality, one. … With no specific conditionality and no specific unconditional dhammas, one. … With no specific conditionality and no specific unconditional dhammas, one. … With no specific conditionality and no specific unconditional dhammas, one. … With no specific conditionality and no specific unconditional dhammas, one. … With no specific conditionality and no specific unconditional dhammas, one. … With no specific conditionality and no specific unconditional dhammas, one. … With no specific conditionality and no specific unconditional dhammas, one. … With no specific conditionality and no specific unconditional dhammas, one. … With no specific conditionality and no specific unconditional dhammas, one. … With no specific conditionality and no specific unconditional dhammas, one. … With no specific conditionality and no specific unconditional dhammas, one. … With no specific conditionality and no specific unconditional dhammas, one. … With no specific conditionality and no specific unconditional dhammas, one. … With no specific conditionality and no specific unconditional dhammas, one. … With no specific conditionality and no specific unconditional dhammas, one. … With no specific conditionality and no specific unconditional dhammas, one. … With no specific conditionality and no specific unconditional dhammas, one. … With no specific conditionality and no specific unconditional dhammas, one. … With no specific conditionality and no specific unconditional dhammas, one. … With no specific conditionality and no specific unconditional dhammas, one. … With no specific conditionality and no specific unconditional dhammas, one. … With no specific conditionality and
['PA_patthana_3.4:32.1', 'PA_patthana_3.4:33.1_0', 'PA_patthana_3.4:33.1_1', 'PA_patthana_3.4:33.1_2']	Anāsavo abyākato dhammo anāsavassa abyākatassa dhammassa hetupaccayena paccayo. (Saṅkhittaṁ.)🔽Hetuyā cattāri, ārammaṇe tīṇi, adhipatiyā anantare samanantare cattāri, sahajāte🔽pañca, aññamaññe dve, nissaye satta, upanissaye cattāri, purejāte pacchājāte dve,🔽āsevane ekaṁ, kamme …pe… magge cattāri, sampayutte dve, vippayutte tīṇi …pe… avigate	anāsavaḥ abyākataḥ dhammaḥ anāsavassa abyākatassa dhammassa hetu paccayena paccayaḥ  hetuyā cattāri ārammaṇe tīṇi adhipatiyā anantare samanantare cattāri sahajāte  pañca aññamaññe dve nissaye satta upanissaye cattāri purejāte pacchājāte dve  āsevane eka kamme pe magge cattāri sampayutte dve vippayutte tīṇi pe avigate 	32	(Abbreviated.)
['PA_patthana_3.4:33.1_3']	satta. (Saṅkhittaṁ.)	satta saṅkhitta 	33	In the section on cause there are four lines. In the section on object there are three lines. In the section on predominance there are four lines. In the sections on proximity, contiguity, and presence there are four lines. In the section on presence there are five lines. In the section on mutuality there are two lines. In the section on support there are seven lines. In the section on decisive support there are four lines. In the sections on before, after, and neither there are two lines. In the section on nutriment there is one line. In the sections on faculty, jhāna, and path there are four lines. In the section on association there are two lines. In the sections on dissociation, presence, and non-disappearance there are three lines. In the section on disappearance there is one line. In the section on non-disappearance there are seven lines. (Abbreviated.)
['PA_patthana_3.4:34.1', 'PA_patthana_3.4:35.1', 'PA_patthana_3.4:36.0.1']	(Yathā kusalattike pañhāvārassa anulomampi paccanīyampi anulomapaccanīyampi paccanīyānulomampi gaṇitaṁ, evaṁ gaṇetabbaṁ.)🔽Sāsavadukakusalattikaṁ niṭṭhitaṁ.🔽3.4.3. Āsavasampayuttaduka, Kusalattika	yathā kusala ttike pañhāvārassa anulomam pi paccanīyam pi anuloma paccanīyam pi paccanīya anulomam pi gaṇitaḥ evam gaṇetabba  sāsavaduka kusala ttikam         	34	(As in the case of the questions in the section on the three wholesome roots, the method of exposition should be understood in the same way in the case of the questions in the section on the three unwholesome roots, in the section on the three indeterminate roots, and in the section on the three with- taints roots.)🔽The section on the three with- taints and unwholesome roots is finished.🔽The Triad with- taints and Associated with the taints
['PA_patthana_3.4:36.0.2']	3.4.3.1. Kusalapada	kusalapada 	36	The Triad on the Wholesome🔽The Wholesome Faculties
['PA_patthana_3.4:36.0.3']	3.4.3.1.1–7 Paṭiccādivāra	    	36	The Exposition by Pairs, etc.
['PA_patthana_3.4:36.0.4']	Paccayacatukka	paccaya catukka 	36	The Fourfold Dependent Origination
['PA_patthana_3.4:36.0.5']	Hetu	hetu 	36	Cause
['PA_patthana_3.4:36.1']	Āsavavippayuttaṁ kusalaṁ dhammaṁ paṭicca āsavavippayutto kusalo dhammo uppajjati hetupaccayā. (Saṅkhittaṁ.)	āsava vippayuttam kusalam dhammam paṭicca āsava vippayuttaḥ kusalaḥ dhammo uppajjati hetu paccayā 	36	With a wholesome object that is not connected to the pollutants … (as in §1, but with the first and second triads reversed.)
['PA_patthana_3.4:37.1', 'PA_patthana_3.4:38.1']	Hetuyā ekaṁ, ārammaṇe ekaṁ …pe… avigate ekaṁ. (Saṅkhittaṁ.)🔽(Sahajātavārepi …pe… pañhāvārepi sabbattha ekaṁ.)	hetuyā eka ārammaṇe ekaṃ pe avigate eka saṅkhitta  sahajāta vāre pi pe pañhā vāre pi sabbattha eka 	37	(In the section on origination, in the triad with root cause, there is one result in the first triad, one in the second, and one in the third.)🔽(In the section on the questions, there is one result in each of the first three questions, and one in the fourth.)
['PA_patthana_3.4:39.0.1']	3.4.3.2. Akusalapada	akusalapada 	39	… with unwholesome thoughts as the fourth member
['PA_patthana_3.4:39.0.2', 'PA_patthana_3.4:39.1']	Hetu🔽Āsavasampayuttaṁ akusalaṁ dhammaṁ paṭicca āsavasampayutto akusalo dhammo uppajjati hetupaccayā … tīṇi.	hetu  āsava sampayuttam akusalam dhammam paṭicca āsava sampayuttaḥ akusalaḥ dhammaḥ uppajjati hetu paccayā tīṇi 	39	Root cause🔽With an unwholesome thought connected to the pollutants as condition, a wholesome thought that is connected to the pollutants arises. (three times)
['PA_patthana_3.4:40.1']	Āsavavippayuttaṁ akusalaṁ dhammaṁ paṭicca āsavasampayutto akusalo dhammo uppajjati hetupaccayā.	āsava vippayuttam akusalam dhammam paṭicca āsava sampayuttaḥ akusalaḥ dhammaḥ uppajjati hetu paccayā 	40	With an unwholesome thought not connected to the pollutants as condition, a wholesome thought that is connected to the pollutants arises.
['PA_patthana_3.4:41.1']	Āsavasampayuttaṁ akusalañca āsavavippayuttaṁ akusalañca dhammaṁ paṭicca āsavasampayutto akusalo dhammo uppajjati hetupaccayā. (Saṅkhittaṁ.)	āsava sampayuttam akusalañca āsava vippayuttam akusalañca dhammam paṭicca āsava sampayuttaḥ akusalaḥ dhammaḥ uppajjati hetu paccayā 	41	With an unwholesome thought connected to the pollutants and an unwholesome thought not connected to the pollutants as conditions, a wholesome thought that is connected to the pollutants arises. (in brief)
['PA_patthana_3.4:42.1']	Hetuyā pañca, ārammaṇe pañca …pe… avigate pañca.	hetuyā pañca ārammaṇe pañca pe avigate pañca 	42	With root cause as condition, five. With object as condition, five. With predominance as condition, five. With proximity as condition, five. With contiguity as condition, five. With dependence as condition, five. With non-disappearance as condition, five.
['PA_patthana_3.4:43.1']	Nahetuyā ekaṁ, naadhipatiyā pañca, napurejāte pañca …pe… nakamme tīṇi, navipāke pañca, navippayutte pañca. (Saṅkhittaṁ.)	na hetuyā eka na adhipatiyā pañca na purejāte pañca pe na kamme tīṇi na vipāke pañca na vippayutte pañca saṅkhitta 	43	With non-cause as condition, one … With non-decisive support as condition, five … With non-prior … With non-kamma as condition, three … With non-result as condition, five … With non-object as condition, five … (Abbreviated.)
['PA_patthana_3.4:44.1']	Āsavasampayutto akusalo dhammo āsavasampayuttassa akusalassa dhammassa hetupaccayena paccayo … tīṇi.	āsava sampayuttaḥ akusalaḥ dhammaḥ āsava sampayuttassa akusalassa dhammassa hetu paccayena paccayaḥ tīṇi 	44	An unwholesome state that is connected with the taints is a condition, as root-cause condition, for an unwholesome state that is connected with the taints. … three.
['PA_patthana_3.4:45.1']	Āsavavippayutto akusalo dhammo āsavasampayuttassa akusalassa dhammassa hetupaccayena paccayo.	āsava vippayuttaḥ akusalaḥ dhammaḥ āsava sampayuttassa akusalassa dhammassa hetu paccayena paccayaḥ 	45	An unwholesome state that is not connected with the taints is a condition, as root-cause condition, for an unwholesome state that is connected with the taints.
['PA_patthana_3.4:46.1', 'PA_patthana_3.4:47.1_0', 'PA_patthana_3.4:47.1_1']	Āsavasampayutto akusalo ca āsavavippayutto akusalo ca dhammā āsavasampayuttassa akusalassa dhammassa hetupaccayena paccayo. (Saṅkhittaṁ.)🔽Hetuyā pañca, ārammaṇe nava, adhipatiyā ekaṁ, anantare samanantare nava, sahajāte🔽aññamaññe nissaye pañca, upanissaye āsevane nava, kamme āhāre indriye jhāne magge	āsava sampayuttaḥ akusalaḥ ca āsava vippayuttaḥ akusalaḥ ca dhammā āsava sampayuttassa akusalassa dhammassa hetu paccayena paccayaḥ  hetuyā pañca ārammaṇe nava adhipatiyā eka anantare samanantare nava sahajāte  aññamaññe nissaye pañca upanissaye āsevane nava kamme āhāre indriye jhāne magge 	46	An unwholesome state that is connected with the taints and an unwholesome state that is not connected with the taints are a condition, as root-cause condition, for an unwholesome state that is connected with the taints. … (Abbreviated.)
['PA_patthana_3.4:47.1_2']	tīṇi, sampayutte pañca …pe… avigate pañca. (Saṅkhittaṁ.)	tīṇi sampayutte pañca pe avigate pañca 	47	With root-cause as condition, five … With object as condition, nine … With non-decisive support as condition, one … With proximity and with contiguity as condition, nine … With co-nascence … With co-nascence, mutuality, support, and presence as conditions, five … With nutriment as condition, five … With faculty as condition, five … With jhāna as condition, three … With path as condition, three … With association, five … With absence, five. (Abbreviated.)
['PA_patthana_3.4:48.1']	(Yathā kusalattike pañhāvārassa anulomampi paccanīyampi anulomapaccanīyampi paccanīyānulomampi gaṇitaṁ, evaṁ gaṇetabbaṁ.)	yathā kusala ttike pañhāvārassa anulomam pi paccanīyam pi anuloma paccanīyam pi paccanīya anulomam pi gaṇitaḥ evam gaṇetabba 	48	(As in the case of the three wholesome roots, the questions in the section on the triplets should be calculated in the same way as in the section on the pairs, with direct application, reverse application, direct and reverse application, and reverse and direct application.)
['PA_patthana_3.4:49.0.1']	3.4.3.3. Abyākatapada	a byākata pada 	49	… Undetermined terms
['PA_patthana_3.4:49.0.2']	Hetu	hetu 	49	Root cause
['PA_patthana_3.4:49.1']	Āsavavippayuttaṁ abyākataṁ dhammaṁ paṭicca āsavavippayutto abyākato dhammo uppajjati hetupaccayā. (Saṅkhittaṁ.)	āsava vippayuttam abyākatam dhammam paṭicca āsava vippayuttaḥ abyākataḥ dhammo uppajjati hetu paccayā 	49	With the undetermined phenomenon that is not connected with the taints as condition, an undetermined phenomenon that is not connected with the taints arises, with root-cause condition. (In brief.)
['PA_patthana_3.4:50.1']	Hetuyā ekaṁ, ārammaṇe ekaṁ …pe… avigate ekaṁ. (Saṅkhittaṁ.)	hetuyā eka ārammaṇe ekaṃ pe avigate eka saṅkhitta 	50	With root-cause as condition, one … With object as condition, one … With non-hindrance as condition, one. (In brief.)
['PA_patthana_3.4:51.1']	Nahetuyā ekaṁ, naārammaṇe ekaṁ, naadhipatiyā ekaṁ …pe… novigate ekaṁ. (Saṅkhittaṁ.)	na hetuyāḥ eka na ārammaṇe eka na adhipatiyāḥ eka pe no vigate eka saṅkhitta 	51	With non-root-cause as condition, one … With non-object as condition, one … With non-dominance as condition, one … With non-nondiscriminating as condition, one. (In brief.)
['PA_patthana_3.4:52.1', 'PA_patthana_3.4:53.1']	(Sahajātavārepi …pe… sampayuttavārepi sabbattha ekaṁ.)🔽Āsavavippayutto abyākato dhammo āsavavippayuttassa abyākatassa dhammassa hetupaccayena paccayo. (Saṅkhittaṁ.)	sahajāta vāre pi pe sampayutta vāre pi sabbattha eka  āsava vippayuttaḥ abyākataḥ dhammaḥ āsava vippayuttassa abyākatassa dhammassa hetu paccayena paccayaḥ 	52	(In the section on conascence, etc., and in the section on the combination of the triplets, there is one in each section.)🔽With an undetermined phenomenon that is not connected with the taints as condition, an undetermined phenomenon that is not connected with the taints arises, with root-cause condition. (In brief.)
['PA_patthana_3.4:54.1']	Hetuyā ekaṁ, ārammaṇe ekaṁ …pe… avigate ekaṁ. (Saṅkhittaṁ.)	hetuyā eka ārammaṇe ekaṃ pe avigate eka saṅkhitta 	54	With root-cause as condition, one … With object as condition, one … With non-hindrance as condition, one. (In brief.)
['PA_patthana_3.4:55.1']	(Yathā kusalattike pañhāvārassa anulomampi paccanīyampi anulomapaccanīyampi paccanīyānulomampi gaṇitaṁ, evaṁ gaṇetabbaṁ.)	yathā kusala ttike pañhāvārassa anulomam pi paccanīyam pi anuloma paccanīyam pi paccanīya anulomam pi gaṇitaḥ evam gaṇetabba 	55	(As in the case of the three profitable consciousnesses, the questions in the section on the pairs should be worked out in the same way as in the triad, with the corresponding answers.)
['PA_patthana_3.4:56.1', 'PA_patthana_3.4:57.0.1']	Āsavasampayuttadukakusalattikaṁ niṭṭhitaṁ.🔽3.4.4. Āsavasāsavaduka, Kusalattika	āsava sampayutta duka kusala ttikam niṭṭhita  āsavasāsavaduka kusalattika 	56	The dyad of associated with and not associated with the pollutants is finished.
['PA_patthana_3.4:57.0.2']	3.4.4.1. Kusalapada	kusalapada 	57	… The dyad of with and without pollutants, the triad of profitable,🔽… The profitable terms,
['PA_patthana_3.4:57.0.3', 'PA_patthana_3.4:57.0.4']	3.4.4.1.1–7 Paṭiccādivāra🔽Paccayacatukka	     paccaya catukka 	57	… The section on the direct method, etc.,
['PA_patthana_3.4:57.0.5']	Hetu	hetu 	57	The fourfold cause,
['PA_patthana_3.4:57.1']	Sāsavañceva no ca āsavaṁ kusalaṁ dhammaṁ paṭicca sāsavo ceva no ca āsavo kusalo dhammo uppajjati hetupaccayā. (Saṅkhittaṁ.)	sa āsavam ca iva no ca āsavam kusalam dhammam paṭicca sa āsavaḥ ca iva no ca āsavaḥ kusalaḥ dhammo uppajjati hetu paccayā 	57	A profitable idea associated with the pollutants and not a pollutant is a condition, as cause condition, for a profitable idea associated with the pollutants. … (Abbreviated.)
['PA_patthana_3.4:58.1']	Hetuyā ekaṁ, ārammaṇe ekaṁ …pe… avigate ekaṁ. (Saṅkhittaṁ.)	hetuyā eka ārammaṇe ekaṃ pe avigate eka saṅkhitta 	58	In the case of cause, there is one. In the case of object, there is one. … In the case of non-remorse, there is one. … (Abbreviated.)
['PA_patthana_3.4:59.1']	(Sahajātavārepi …pe… pañhāvārepi sabbattha ekaṁ.)	sahajāta vāre pi pe pañhā vāre pi sabbattha eka 	59	(In the case of the conascence, etc., and the questions, in each case there is one.)
['PA_patthana_3.4:60.0.1', 'PA_patthana_3.4:60.0.2', 'PA_patthana_3.4:60.0.3']	3.4.4.2. Akusalapada🔽3.4.4.2.1–6 Paṭiccādivāra🔽Paccayacatukka	akusalapada       paccaya catukka 	60	… The unprofitable terms,🔽… The section on the direct method, etc.,
['PA_patthana_3.4:60.0.4']	Hetu	hetu 	60	The fourfold cause,
['PA_patthana_3.4:60.1']	Āsavañceva sāsavañca akusalaṁ dhammaṁ paṭicca āsavo ceva sāsavo ca akusalo dhammo uppajjati hetupaccayā … tīṇi.	āsavam ca iva sa āsavam ca akusalam dhammam paṭicca āsavaḥ ca iva sa āsavaḥ ca akusalaḥ dhammaḥ uppajjati hetu paccayā tīṇi 	60	A unprofitable idea associated with and a pollutant is a condition, as cause condition, for a pollutant and an unprofitable idea, for three. …
['PA_patthana_3.4:61.1']	Sāsavañceva no ca āsavaṁ akusalaṁ dhammaṁ paṭicca sāsavo ceva no ca āsavo akusalo dhammo uppajjati hetupaccayā … tīṇi.	sa āsavam ca iva no ca āsavam akusalam dhammam paṭicca sa āsavaḥ ca iva no ca āsavaḥ akusalaḥ dhammo uppajjati hetu paccayā tīṇi 	61	With an unwholesome state that is both associated with and dissociated from the taints as condition, a wholesome state that is both associated with and dissociated from the taints arises … (as in §1, but with the first and second triads in reverse order.)🔽With an unwholesome state that is both associated with and dissociated from the taints as condition, a wholesome state that is both associated with and dissociated from the taints arises … (as in §1, but with the first and third triads in reverse order.)🔽With an unwholesome state that is both associated with and dissociated from the taints as condition, a wholesome state that is both associated with and dissociated from the taints arises … (as in §1, but with the second and third triads in reverse order.)🔽With an unwholesome state that is both associated with and dissociated from the taints as condition, a wholesome state that is both associated with and dissociated from the taints arises … (as in §1, but with the first, second, and third triads in reverse order.)
['PA_patthana_3.4:62.1', 'PA_patthana_3.4:63.1', 'PA_patthana_3.4:63.2', 'PA_patthana_3.4:64.0', 'PA_patthana_3.4:64.1']	Āsavañceva sāsavañca akusalañca sāsavañceva no ca āsavaṁ akusalañca dhammaṁ paṭicca āsavo ceva sāsavo ca akusalo dhammo uppajjati hetupaccayā … tīṇi. (Saṅkhittaṁ.)🔽Hetuyā nava, ārammaṇe nava …pe… avigate nava. (Saṅkhittaṁ.)🔽Paccanīya🔽Nahetu🔽Sāsavañceva no ca āsavaṁ akusalaṁ dhammaṁ paṭicca āsavo ceva sāsavo ca akusalo dhammo uppajjati nahetupaccayā. (Saṅkhittaṁ.)	āsavam ca iva sāsavam ca akusalañca sāsavam ca iva no ca āsavam akusalañca dhammam paṭicca āsavaḥ ca iva sāsavaḥ ca akusalaḥ dhammo uppajjati hetu paccayā tīṇi  hetuyā nava ārammaṇe nava pe avigate nava saṅkhitta  paccanīya  na hetu  sa āsavam ca iva no ca āsavam akusalam dhammam paṭicca āsavaḥ ca iva sa āsavaḥ ca akusalaḥ dhammaḥ uppajjati na hetu paccayā 	62	With an unwholesome state that is both associated with and dissociated from the taints as condition, a wholesome state that is both associated with and dissociated from the taints arises … (as in §1, but with the first, second, and third triads in reverse order.)🔽With an unwholesome state that is both associated with and dissociated from the taints as condition, a wholesome state that is both associated with and dissociated from the taints arises … (as in §1, but with the first, second, and third triads in reverse order.)🔽With an unwholesome state that is both associated with and dissociated from the taints as condition, a wholesome state that is both associated with and dissociated from the taints arises … (as in §1, but with the first, second, and third triads in reverse order.)
['PA_patthana_3.4:65.1']	Nahetuyā ekaṁ, naadhipatiyā nava, napurejāte nava, napacchājāte nava, naāsevane nava, nakamme tīṇi, navipāke nava, navippayutte nava. (Saṅkhittaṁ.)	na hetuyāḥ eka na adhipatiyāḥ nava na purejāte nava na pacchājāte nava na āsevane nava na kamme tīṇi na vipāke nava na vippayutte nava saṅkhitta 	65	With an unwholesome state that is both associated with and dissociated from the taints as condition, a wholesome state that is both associated with and dissociated from the taints arises … (as in §1, but with the first, second, and third triads in reverse order.)🔽With an unwholesome state that is both associated with and dissociated from the taints as condition, a wholesome state that is both associated with and dissociated from the taints arises … (as in §1, but with the first, second
['PA_patthana_3.4:66.1', 'PA_patthana_3.4:67.0.1']	(Sahajātavāropi paccayavāropi nissayavāropi saṁsaṭṭhavāropi sampayuttavāropi vitthāretabbā.)🔽3.4.4.2.7. Pañhāvāra	sahajāta vāraḥ api paccaya vāraḥ api nissaya vāraḥ api sa saṭṭha vāraḥ api sampayutta vāraḥ api vitthāretabbā  pañhāvāra 	66	(The section on origination should be expanded as for the first tetrad.)🔽The Mode of Conveying Questions
['PA_patthana_3.4:67.0.2']	Paccayacatukka	paccaya catukka 	67	The Fourfold Dependent Origination
['PA_patthana_3.4:67.0.3']	Hetu	hetu 	67	Cause
['PA_patthana_3.4:67.1']	Āsavo ceva sāsavoca akusalo dhammo āsavassa ceva sāsavassa ca akusalassa dhammassa hetupaccayena paccayo. (Saṅkhittaṁ.)	āsavaḥ ca iva sa āsavaḥ ca akusalaḥ dhammaḥ āsavassa ca iva sa āsavassa ca akusalassa dhammassa hetu paccayena paccayaḥ 	67	An effluent and a corrupt and an unwholesome state is a condition, as cause condition, for an effluent and a corrupt and an unwholesome state. (Abbreviated.)
['PA_patthana_3.4:68.1']	Hetuyā satta, ārammaṇe nava, adhipatiyā nava …pe… upanissaye āsevane nava, kamme āhāre indriye jhāne tīṇi, magge sampayutte nava …pe… avigate nava. (Saṅkhittaṁ.)	hetuyā satta ārammaṇe nava adhipatiyā nava pe upanissaye āsevane nava kamme āhāre indriye jhāne tīṇi magge sampayutte nava pe avigate nava saṅkhitta 	68	In the seven in the causal, in the nine in the object, in the nine in the predominance, … in the nine in the support, in the nine in the bond, in the three in the kamma, in the three in the nutriment, in the three in the faculty, in the three in the path, in the nine in the association, … in the nine in the dissociation, … in the nine in the proximity, … in the nine in the non-disappearance. (Abbreviated.)
['PA_patthana_3.4:69.0', 'PA_patthana_3.4:69.1_0']	Paccanīyuddhāra🔽Āsavo ceva sāsavo ca akusalo dhammo āsavassa ceva sāsavassa ca akusalassa dhammassa	paccanīya uddhāra  āsavaḥ ca iva sa āsavaḥ ca akusalaḥ dhammaḥ āsavassa ca iva sa āsavassa ca akusalassa dhammassa 	69	The Reversal of the Method
['PA_patthana_3.4:69.1_1']	ārammaṇapaccayena paccayo … sahajātapaccayena paccayo … upanissayapaccayena paccayo. (Saṅkhittaṁ.)	ārammaṇa paccayena paccayaḥ sahajāta paccayena paccayaḥ upanissaya paccayena paccayaḥ 	69	An effluent and a corrupt and an unwholesome state is a condition, as object condition, for an effluent and a corrupt and an unwholesome state. … is a condition, as decisive-support condition, for an effluent and a corrupt and an unwholesome state. … is a condition, as support condition, for an effluent and a corrupt and an unwholesome state. (Abbreviated.)
['PA_patthana_3.4:70.1']	Nahetuyā nava, naārammaṇe nava. (Saṅkhittaṁ.)	na hetuyā nava na ārammaṇe nava saṅkhitta 	70	In the nine in the non-cause, in the nine in the non-object. (Abbreviated.)
['PA_patthana_3.4:71.1']	Hetupaccayā naārammaṇe satta. (Saṅkhittaṁ.)	hetu paccayāḥ na ārammaṇe satta 	71	In the seven in the cause condition, in the non-object. (Abbreviated.)
['PA_patthana_3.4:72.1']	Nahetupaccayā ārammaṇe nava. (Saṅkhittaṁ.)	na hetu paccayā ārammaṇe nava saṅkhitta 	72	With no condition being a root cause, nine. (In brief.)
['PA_patthana_3.4:73.1']	(Yathā kusalattike pañhāvārassa anulomampi paccanīyampi anulomapaccanīyampi paccanīyānulomampi gaṇitaṁ, evaṁ gaṇetabbaṁ.)	yathā kusala ttike pañhāvārassa anulomam pi paccanīyam pi anuloma paccanīyam pi paccanīya anulomam pi gaṇitaḥ evam gaṇetabba 	73	(Just as in the case of the three wholesome kinds of consciousness, the method of working out the permutations in the questions and answers should be done in the same way as in the case of the three kinds of resultant consciousness.)
['PA_patthana_3.4:74.0']	Hetu	hetu 	74	Root Cause
['PA_patthana_3.4:74.1']	Sāsavañceva no ca āsavaṁ abyākataṁ dhammaṁ paṭicca sāsavo ceva no ca āsavo abyākato dhammo uppajjati hetupaccayā. (Saṅkhittaṁ.)	sa āsavam ca iva no ca āsavam abyākatam dhammam paṭicca sa āsavaḥ ca iva no ca āsavaḥ abyākataḥ dhammo uppajjati hetu paccayā 	74	With a conditionally-arisen, sensually-wholesome, indeterminate, and not-subject-to-retrogressing dhamma as condition, a conditionally-arisen, sensually-wholesome, indeterminate, and not-subject-to-retrogressing dhamma arises. (In brief.)
['PA_patthana_3.4:75.1']	Hetuyā ekaṁ, ārammaṇe ekaṁ …pe… avigate ekaṁ. (Saṅkhittaṁ.)	hetuyā eka ārammaṇe ekaṃ pe avigate eka saṅkhitta 	75	With a root cause as condition, one. With an object as condition, one. … With an absence as condition, one. (In brief.)
['PA_patthana_3.4:76.1']	(Sahajātavārepi …pe… pañhāvārepi sabbattha ekaṁ.)	sahajāta vāre pi pe pañhā vāre pi sabbattha eka 	76	(In the section on conascence, etc., and in the section on questions, there is one in each triad.)
['PA_patthana_3.4:77.1', 'PA_patthana_3.4:78.0.1']	Āsavasāsavadukakusalattikaṁ niṭṭhitaṁ.🔽3.4.5. Āsavaāsavasampayuttaduka, Kusalattika	āsava sāsava duka kusala ttikam  kusala ttika 	77	The triad of wholesome consciousness associated with the taints is finished.🔽The dyad of taints and what is associated with taints, the triad of wholesome, etc.
['PA_patthana_3.4:78.0.2', 'PA_patthana_3.4:78.0.3']	3.4.5.1. Kusalapada🔽3.4.5.1.1–6 Paṭiccādivāra	kusalapada      	78	The wholesome triad🔽The section on the questions with the answers in the forward order
['PA_patthana_3.4:78.0.4']	Paccayacatukka	paccaya catukka 	78	The fourfold section on conditions
['PA_patthana_3.4:78.0.5']	Hetu	hetu 	78	Root cause
['PA_patthana_3.4:78.1']	Āsavañceva āsavasampayuttañca akusalaṁ dhammaṁ paṭicca āsavo ceva āsavasampayutto ca akusalo dhammo uppajjati hetupaccayā … tīṇi.	āsavañca iva āsava sampayuttañca akusalam dhammam paṭicca āsavaḥ ca iva āsava sampayuttaḥ ca akusalaḥ dhammaḥ uppajjati hetu paccayā tīṇi 	78	With an unwholesome dhamma that is a taint and associated with taints as condition, a taint and an unwholesome dhamma associated with taints arises. (Three triplets.)
['PA_patthana_3.4:79.1']	Āsavasampayuttañceva no ca āsavaṁ akusalaṁ dhammaṁ paṭicca āsavasampayutto ceva no ca āsavo akusalo dhammo uppajjati hetupaccayā … tīṇi.	āsava sampayuttañca iva no ca āsavam akusalam dhammam paṭicca āsava sampayuttaḥ ca iva no ca āsavaḥ akusalaḥ dhammo uppajjati hetu paccayā tīṇi 	79	A non-contaminant unwholesome consciousness …🔽A non-contaminant unwholesome consciousness …
['PA_patthana_3.4:80.1_0', 'PA_patthana_3.4:80.1_1']	Āsavañceva āsavasampayuttañca akusalañca āsavasampayuttañceva no ca āsavaṁ akusalañca🔽dhammaṁ paṭicca āsavo ceva āsavasampayutto ca akusalo dhammo uppajjati hetupaccayā	āsavam ca iva āsava sampayuttañca akusalañca āsava sampayuttañca iva no ca āsavam akusalañca  dhammam paṭicca āsavaḥ ca iva āsava sampayuttaḥ ca akusalaḥ dhammo uppajjati hetu paccayā 	80	A non-contaminant unwholesome consciousness …
['PA_patthana_3.4:80.1_2', 'PA_patthana_3.4:81.1', 'PA_patthana_3.4:82.0']	… tīṇi. (Saṅkhittaṁ.)🔽Hetuyā nava, ārammaṇe nava …pe… avigate nava. (Saṅkhittaṁ.)🔽Naadhipati	tīṇi  hetuyā nava ārammaṇe nava pe avigate nava saṅkhitta  na adhipati 	80	(The rest are to be elaborated in the same way as the preceding triad.)🔽In the section on root-cause, there are nine. In the section on object, there are nine. … In the section on non-hindrance, there are nine. (The rest are to be elaborated in the same way as the preceding triad.)🔽Neither as dominant condition …
['PA_patthana_3.4:82.1']	Āsavañceva āsavasampayuttañca akusalaṁ dhammaṁ paṭicca āsavo ceva āsavasampayutto ca akusalo dhammo uppajjati naadhipatipaccayā.	āsavañca iva āsava sampayuttañca akusalam dhammam paṭicca āsavaḥ ca iva āsava sampayuttaḥ ca akusalaḥ dhammaḥ uppajjati na adhipati paccayā 	82	A non-contaminant unwholesome consciousness …🔽(The rest are to be elaborated in the same way as the preceding triad.)
['PA_patthana_3.4:83.1']	Naadhipatiyā nava, napurejāte nava, napacchājāte nava, naāsevane nava, nakamme tīṇi, navipāke nava, navippayutte nava. (Saṅkhittaṁ.)	na adhipatiyā nava na purejāte nava na pacchājāte nava na āsevane nava na kamme tīṇi na vipāke nava na vippayutte nava saṅkhitta 	83	In the section on root-cause, there are nine. In the section on prior, there are nine. In the section on subsequent, there are nine. In the section on nutriment, there are nine. In the section on action, there are three. In the section on result, there are nine. In the section on non-disappearance, there are nine.
['PA_patthana_3.4:84.1']	(Sahajātavārepi … sampayuttavārepi sabbattha nava.)	sahajāta vāre pi sampayutta vāre pi sabbattha nava 	84	(In the connected triad, and in the associated triad, all are nine.)
['PA_patthana_3.4:85.0']	Hetu	hetu 	85	Root Cause
['PA_patthana_3.4:85.1']	Āsavo ceva āsavasampayutto ca akusalo dhammo āsavassa ceva āsavasampayuttassa ca akusalassa dhammassa hetupaccayena paccayo. (Saṅkhittaṁ.)	āsavaḥ ca iva āsava sampayuttaḥ ca akusalaḥ dhammaḥ āsavassa ca iva āsava sampayuttassa ca akusalassa dhammassa hetu paccayena paccayaḥ 	85	An unwholesome state that is an acquisition and is associated with acquisitions is a condition, as root cause condition, for an acquisition and for an unwholesome state that is an acquisition. (In brief.)
['PA_patthana_3.4:86.1']	Hetuyā cattāri, ārammaṇe nava, adhipatiyā nava …pe… upanissaye āsevane nava, kamme āhāre indriye jhāne tīṇi, magge sampayutte nava …pe… avigate nava. (Saṅkhittaṁ.)	hetuyā cattāri ārammaṇe nava adhipatiyā nava pe upanissaye āsevane nava kamme āhāre indriye jhāne tīṇi magge sampayutte nava pe avigate nava saṅkhitta 	86	In the root cause triad there are four; in the object triad there are nine; in the predominance triad there are nine. … In the support triad there are nine; in the foundation triad there are nine; in the strong support triad there are nine. … In the dissociation triad there are nine; in the association triad there are nine. … In the non-disappearance triad there are nine. (In brief.)
['PA_patthana_3.4:87.1']	Nahetuyā nava, naārammaṇe nava. (Saṅkhittaṁ.)	na hetuyā nava na ārammaṇe nava saṅkhitta 	87	In the non-root cause triad there are nine; in the non-object triad there are nine. (In brief.)
['PA_patthana_3.4:88.1']	Hetupaccayā naārammaṇe cattāri. (Saṅkhittaṁ.)	hetu paccayāḥ na ārammaṇe cattāri 	88	In the root cause condition non-object triad there are four. (In brief.)
['PA_patthana_3.4:89.1', 'PA_patthana_3.4:90.1']	Nahetupaccayā ārammaṇe nava. (Saṅkhittaṁ.)🔽(Yathā kusalattike pañhāvārassa anulomampi paccanīyampi anulomapaccanīyampi paccanīyānulomampi gaṇitaṁ, evaṁ gaṇetabbaṁ.)	na hetu paccayā ārammaṇe nava saṅkhitta  yathā kusala ttike pañhāvārassa anulomam pi paccanīyam pi anuloma paccanīyam pi paccanīya anulomam pi gaṇitaḥ evam gaṇetabba 	89	In the non-root cause condition object triad there are nine. (In brief.)
['PA_patthana_3.4:91.1']	Āsavaāsavasampayuttadukakusalattikaṁ niṭṭhitaṁ.	āsava āsava sampayutta duka kusala ttikam 	91	(As in the case of the three wholesome kinds of consciousness, the method of exposition should be understood as applied in the triad of the three kinds of consciousness accompanied by joy, in the triad of the three kinds of consciousness accompanied by equanimity, in the triad of the three kinds of resultant consciousness, in the triad of the three kinds of functional consciousness, and in the triad of the three kinds of mundane consciousness.)🔽The dyads and triads on acquisitions and states with acquisitions are finished.
['PA_patthana_3.4:92.0.1']	3.4.6. Āsavavippayuttasāsavaduka, Pañhāvāra	          	92	3.4.6. The question section on what is not connected with taints and what has taints
['PA_patthana_3.4:92.0.2']	3.4.6.1. Kusalapada	kusalapada 	92	3.4.6. The section on questions🔽.... The wholesome side
['PA_patthana_3.4:92.0.3']	Hetu	hetu 	92	Cause🔽A wholesome, not-connected-with-intoxicant, conditioned by a wholesome, not-connected-with-intoxicant,🔽wholesome, not-connected-with-intoxicant, conditioned by a wholesome, not-connected-with-intoxicant,
['PA_patthana_3.4:92.1_0', 'PA_patthana_3.4:92.1_1']	Āsavavippayuttaṁ sāsavaṁ kusalaṁ dhammaṁ paṭicca āsavavippayutto sāsavo kusalo dhammo🔽uppajjati hetupaccayā. Āsavavippayuttaṁ anāsavaṁ kusalaṁ dhammaṁ paṭicca āsavavippayutto	āsava vippayuttam sa āsavam kusalam dhammam paṭicca āsava vippayuttaḥ sa āsavaḥ kusalaḥ dhammaḥ  uppajjati hetu paccayā āsava vippayuttam anāsavam kusalam dhammam paṭicca āsava vippayuttaḥ 	92	wholesome, not-connected-with-intoxicant, conditioned by a wholesome, not-connected-with-intoxicant,
['PA_patthana_3.4:92.1_2', 'PA_patthana_3.4:93.1']	anāsavo kusalo dhammo uppajjati hetupaccayā. (Saṅkhittaṁ.)🔽Hetuyā dve, ārammaṇe dve …pe… avigate dve. (Saṅkhittaṁ.)	anāsavaḥ kusalaḥ dhammo uppajjati hetu paccayā  hetuyā dve ārammaṇe dve pe avigate dve 	92	wholesome, not-connected-with-intoxicant, conditioned by a wholesome, not-connected-with-intoxicant,🔽wholesome, not-connected-with-intoxicant, conditioned by a wholesome, not-connected-with-intoxicant,
['PA_patthana_3.4:94.1']	(Sahajātavāropi …pe… pañhāvāropi vitthāretabbo.)	sahajāta vāro pi pe pañhā vāro pi vitthāretabbo 	94	wholesome, not-connected-with-intoxicant, conditioned by a wholesome, not-connected-with-intoxicant,
['PA_patthana_3.4:95.0.1']	3.4.6.2. Abyākatapada	a byākata pada 	95	wholesome, not-connected-with-intoxicant, conditioned by a wholesome, not-connected-with-intoxicant,🔽wholesome, not-connected-with-intoxicant, conditioned by a wholesome, not-connected-with-intoxicant,🔽wholesome, not-connected-with-intoxicant, conditioned by a wholesome, not-connected-with-intoxicant,🔽wholesome, not-connected-with-intoxicant, conditioned by a wholesome, not-connected-with-intoxicant,🔽wholesome, not-connected-with-intoxicant, conditioned by a wholesome, not-connected-with-intoxicant,
['PA_patthana_3.4:95.0.2']	3.4.5.2.1–6 Paṭiccādivāra	    	95	wholesome, not-connected-with-intoxicant, conditioned by a wholesome, not-connected-with-intoxicant,
['PA_patthana_3.4:95.0.3', 'PA_patthana_3.4:95.0.4']	Paccayacatukka🔽Hetu	paccaya catukka  hetu 	95	wholesome, not-connected-with-intoxicant, conditioned by a wholesome, not-connected-with-intoxicant,🔽wholesome, not-connected-with-intoxicant, conditioned by a wholesome, not-connected-with-intoxicant,
['PA_patthana_3.4:95.1']	Āsavavippayuttaṁ sāsavaṁ abyākataṁ dhammaṁ paṭicca āsavavippayutto sāsavo abyākato dhammo uppajjati hetupaccayā.	āsava vippayuttam sa asavam abyākatam dhammam paṭicca āsava vippayuttaḥ sa asavaḥ abyākataḥ dhammo uppajjati hetu paccayā 	95	wholesome, not-connected-with-intoxicant, conditioned by a wholesome, not-connected-with-intoxicant,🔽wholesome, not-connected-with-intoxicant, conditioned by a wholesome, not-connected-with-intoxicant,🔽wholesome, not-connected-with-intoxicant, conditioned by a wholesome, not-connected-with-intoxicant,🔽wholesome, not-connected-with-intoxicant, conditioned by a wholesome, not-connected-with-intoxicant,
['PA_patthana_3.4:96.1_0']	Āsavavippayuttaṁ anāsavaṁ abyākataṁ dhammaṁ paṭicca āsavavippayutto anāsavo abyākato	āsava vippayuttam anāsavam abyākatam dhammam paṭicca āsava vippayuttaḥ anāsavaḥ abyākataḥ 	96	wholesome, not-connected-with-intoxicant, conditioned by a wholesome, not-connected-with-intoxicant
['PA_patthana_3.4:96.1_1', 'PA_patthana_3.4:96.1_2', 'PA_patthana_3.4:96.1_3']	dhammo uppajjati hetupaccayā. Āsavavippayuttaṁ anāsavaṁ abyākataṁ dhammaṁ paṭicca🔽āsavavippayutto sāsavo abyākato dhammo uppajjati hetupaccayā. Āsavavippayuttaṁ anāsavaṁ🔽abyākataṁ dhammaṁ paṭicca āsavavippayutto sāsavo abyākato ca āsavavippayutto anāsavo	dhammaḥ uppajjati hetu paccayā āsava vippayuttam anāsavam abyākatam dhammam paṭicca  āsava vippayuttaḥ sa āsavaḥ abyākataḥ dhammaḥ uppajjati hetu paccayā āsava vippayuttam anāsava  abyākatam dhammam paṭicca āsava vippayuttaḥ sa āsavaḥ abyākataḥ ca āsava vippayuttaḥ anāsavaḥ 	96	a non-causally arisen, not subject to cankers, indeterminate thought.🔽From a non-causally arisen, not subject to cankers, indeterminate thought,🔽a causally arisen, subject to cankers, indeterminate thought arises.🔽From a non-causally arisen, not subject to cankers, indeterminate thought,🔽a causally arisen, subject to cankers, indeterminate thought and a non-causally arisen, not subject to cankers, indeterminate thought arise.
['PA_patthana_3.4:96.1_4']	abyākato ca dhammā uppajjanti hetupaccayā.	abyākataḥ ca dhammā uppajjanti hetu paccayā 	96	A state that is unconnected with the taints and is not subject to the taints arises with taints as condition.🔽A state that is unconnected with the taints and is not subject to the taints arises with a state that is unconnected with the taints and is not subject to the taints as condition.🔽A state that is unconnected with the taints and is not subject to the taints arises with a state that is connected with the taints and is subject to the taints as condition.
['PA_patthana_3.4:97.1']	Āsavavippayuttaṁ sāsavaṁ abyākatañca āsavavippayuttaṁ anāsavaṁ abyākatañca dhammaṁ paṭicca āsavavippayutto sāsavo abyākato dhammo uppajjati hetupaccayā. (Saṅkhittaṁ.)	āsava vippayuttam sa āsavam abyākatam ca āsava vippayuttam anāsavam abyākatam ca dhammam paṭicca āsava vippayuttaḥ sa āsavaḥ abyākataḥ dhammaḥ uppajjati hetu paccayā 	97	A state that is unconnected with the taints and is not subject to the taints arises with a state that is connected with the taints and is subject to the taints and with a state that is unconnected with the taints and is not subject to the taints as condition.🔽A state that is connected with the taints and is subject to the taints arises with a state that is connected with the taints and is subject to the taints and with a state that is unconnected with the taints and is not subject to the taints as condition. (In brief.)
['PA_patthana_3.4:98.1']	Hetuyā pañca, ārammaṇe dve, adhipatiyā pañca …pe… āsevane ekaṁ, kamme pañca, vipāke pañca …pe… avigate pañca. (Saṅkhittaṁ.)	hetuyā pañca ārammaṇe dve adhipatiyā pañca pe āsevane eka kamme pañca vipāke pañca pe avigate pañca saṅkhitta 	98	With respect to cause, there are five; with respect to object, there are two; with respect to predominance, there are five. … With respect to nutriment, there is one; with respect to activity, there are five; with respect to result, there are five. … With respect to the unformed, there are five. (In brief.)
['PA_patthana_3.4:99.0']	Nahetu	na hetu 	99	Not a cause.
['PA_patthana_3.4:99.1', 'PA_patthana_3.4:100.1_0', 'PA_patthana_3.4:100.1_1', 'PA_patthana_3.4:101.1']	Āsavavippayuttaṁ sāsavaṁ abyākataṁ dhammaṁ paṭicca āsavavippayutto sāsavo abyākato dhammo uppajjati nahetupaccayā. (Saṅkhittaṁ.)🔽Nahetuyā ekaṁ, naārammaṇe tīṇi, naadhipatiyā dve …pe… napurejāte cattāri, napacchājāte🔽naāsevane pañca, nakamme navipāke …pe… namagge ekaṁ …pe… navippayutte dve …pe… novigate tīṇi. (Saṅkhittaṁ.)🔽(Sahajātavāropi paccayavāropi nissayavāropi saṁsaṭṭhavāropi sampayuttavāropi paṭiccavārasadisā vitthāretabbā.)	āsava vippayuttam sa āsavam abyākatam dhammam paṭicca āsava vippayuttaḥ sa āsavaḥ abyākataḥ dhammaḥ uppajjati na hetu paccayā  na hetuyā eka na ārammaṇe tīṇi na adhipatiyā dve pe na purejāte cattāri na pacchājāte  na āsevane pañca na kamme na vipāke pe na magge ekam pe na vippayutte dve pe no vigate tīṇi  sahajāta vāraḥ api paccaya vāraḥ api nissaya vāraḥ api sa saṭṭha vāraḥ api sampayutta vāraḥ api paṭicca vāra sadisā vitthāretabbā 	99	Dependent on a state that is unconnected with the taints and is indeterminate and has taints, a state that is unconnected with the taints and is indeterminate and has taints arises, not through the relation of root cause. …
['PA_patthana_3.4:102.0.1', 'PA_patthana_3.4:102.0.2']	3.4.6.2.7. Pạñhāvāra🔽Paccayacatukka	pñhāvāra  paccaya catukka 	102	(In brief:) … not as object, three; not as predominance, two; … not as postnascence, four; not as nutriment, one; not as faculty, one; not as jhāna, one; not as path, one; not as association, one; not as dissociation, one; not as presence, one; not as absence, one; not as disappearance, one; not as non-disappearance, one; not as destruction, one; not as non-destruction, one; not as alteration, one; not as non-alteration, one; not as ageing, one; not as non-ageing, one; not as death, one; not as non-death, one; not as sorrow, one; not as lamentation, one; not as pain, one; not as grief, one; not as despair, one; not as the earth element, one; not as the water element, one; not as the fire element, one; not as the air element, one; not as the space element, one; not as the consciousness element, one; not as the eye base, one; not as the ear base, one; not as the nose base, one; not as the tongue base, one; not as the body base, one; not as the mind base, one; not as the form base, one; not as the sound base, one; not as the odour base, one; not as the flavour base, one; not as the tangible-object base, one; not as the mind-object base, one; not as the eye-consciousness element, one; not as the ear-consciousness element, one; not as the nose-consciousness element, one; not as the tongue-consciousness element, one; not as the body-consciousness element, one; not as the mind-element, one; not as the mind-consciousness element, one; not as the condition being a condition by way of decisive support, one; not as the condition being a condition by way of non-disappearance, one.🔽(The section on origination should be detailed in the same way as the section on conditionality.)🔽The Mode of Conveying Questions
['PA_patthana_3.4:102.0.3', 'PA_patthana_3.4:102.1', 'PA_patthana_3.4:103.1_0']	Hetu-ārammaṇa🔽Āsavavippayutto sāsavo abyākato dhammo āsavavippayuttassa sāsavassa abyākatassa dhammassa hetupaccayena paccayo.🔽Āsavavippayutto anāsavo abyākato dhammo āsavavippayuttassa anāsavassa abyākatassa	hetu ārammaṇa 🔽āsava vippayuttaḥ sa asavaḥ abyākataḥ dhammaḥ āsava vippayuttassa sa asavassa abyākatassa dhammassa hetu paccayena paccayaḥ 🔽āsava vippayuttaḥ anāsavaḥ abyākataḥ dhammaḥ āsava vippayuttassa anāsavassa abyākatassa 	102	The Fourfold Conditions
['PA_patthana_3.4:103.1_1', 'PA_patthana_3.4:103.1_2']	dhammassa hetupaccayena paccayo. Āsavavippayutto anāsavo abyākato dhammo āsavavippayuttassa🔽sāsavassa abyākatassa dhammassa hetupaccayena paccayo. Āsavavippayutto anāsavo abyākato	dhammassa hetu paccayena paccayaḥ āsava vippayuttaḥ anāsavaḥ abyākataḥ dhammaḥ āsava vippayuttassa  sa āsavassa abyākatassa dhammassa hetu paccayena paccayaḥ āsava vippayuttaḥ anāsavaḥ abyākato 	103	A state that is unconnected with the taints and is not a taint is a condition, as root-cause condition, for a state that is unconnected with the taints and is not a taint.
['PA_patthana_3.4:103.1_3', 'PA_patthana_3.4:103.1_4', 'PA_patthana_3.4:104.1']	dhammo āsavavippayuttassa sāsavassa abyākatassa ca āsavavippayuttassa anāsavassa🔽abyākatassa ca dhammassa hetupaccayena paccayo.🔽Āsavavippayutto sāsavo abyākato dhammo āsavavippayuttassa sāsavassa abyākatassa dhammassa ārammaṇapaccayena paccayo.	dhammaḥ āsava vippayuttassa sa āsavassa abyākatassa ca āsava vippayuttassa anāsavassa  abyākatassa ca dhammassa hetu paccayena paccayaḥ  āsava vippayuttaḥ sa āsavaḥ abyākataḥ dhammaḥ āsava vippayuttassa sa āsavassa abyākatassa dhammassa ārammaṇa paccayena paccayaḥ 	103	A state that is unconnected with the taints and is not a taint is a condition, as root-cause condition, for a state that is connected with the taints and is a taint.🔽A state that is unconnected with the taints and is not a taint is a condition, as root-cause condition, for a state that is connected with the taints and is a taint, and for a state that is unconnected with the taints and is not a taint.
['PA_patthana_3.4:105.1_0', 'PA_patthana_3.4:105.1_1']	Āsavavippayutto anāsavo abyākato dhammo āsavavippayuttassa anāsavassa abyākatassa🔽dhammassa ārammaṇapaccayena paccayo. Āsavavippayutto anāsavo abyākato dhammo āsavavippayuttassa	āsava vippayuttaḥ anāsavaḥ abyākataḥ dhammaḥ āsava vippayuttassa anāsavassa abyākatassa  dhammassa ārammaṇa paccayena paccayaḥ āsava vippayuttaḥ anāsavaḥ abyākataḥ dhammaḥ āsava vippayuttassa 	105	A state that is unconnected with the taints and is not a taint is a condition, as object condition, for a state that is connected with the taints and is a taint.🔽A state that is unconnected with the taints and is not a taint is a condition, as object condition, for a state that is unconnected with the taints and is not a taint.
['PA_patthana_3.4:105.1_2']	sāsavassa abyākatassa dhammassa ārammaṇapaccayena paccayo. (Saṅkhittaṁ.)	sa āsavassa abyākatassa dhammassa ārammaṇa paccayena paccayo saṅkhitta 	105	A state that is unconnected with the taints and is not a taint is a condition, as object condition, for a state that is connected with the taints and is a taint. (Abbreviated.)
['PA_patthana_3.4:106.1_0', 'PA_patthana_3.4:106.1_1']	Hetuyā cattāri, ārammaṇe tīṇi, adhipatiyā cattāri, anantare cattāri, samanantare🔽cattāri, sahajāte pañca, aññamaññe dve, nissaye satta, upanissaye cattāri, purejāte	hetuyā cattāri ārammaṇe tīṇi adhipatiyā cattāri anantare cattāri samanantare  cattāri sahajāte pañca aññamaññe dve nissaye satta upanissaye cattāri purejāte 	106	As condition, four. As object, three. As predominance, four. As proximity, four.
['PA_patthana_3.4:106.1_2']	dve, āsevane ekaṁ, kamme cattāri, vipāke cattāri, āhāre cattāri …pe… sampayutte dve,	dve āsevane eka kamme cattāri vipāke cattāri āhāre cattāri pe sampayutte dve 	106	As contiguity, four. As decisive support, four. As conascence, five. As mutuality, two. As support, seven. As dependence, four. As root cause, four. As prenascence, two. As postnascence, one. As nutriment, four. As faculty, four. As jhāna, four. As path, four. As association, two.
['PA_patthana_3.4:106.1_3']	vippayutte tīṇi …pe… avigate satta. (Saṅkhittaṁ.)	vippayutte tīṇi pe avigate satta saṅkhitta 	106	As non-disappearance, seven. (In brief.)
['PA_patthana_3.4:107.0', 'PA_patthana_3.4:107.1_0']	Paccanīyuddhāra🔽Āsavavippayutto sāsavo abyākato dhammo āsavavippayuttassa sāsavassa abyākatassa dhammassa	paccanīya uddhāra  āsava vippayuttaḥ sa āsavaḥ abyākataḥ dhammaḥ āsava vippayuttassa sa āsavassa abyākatassa dhammassa 	107	The reverse order
['PA_patthana_3.4:107.1_1', 'PA_patthana_3.4:107.1_2']	ārammaṇapaccayena paccayo … sahajātapaccayena paccayo … upanissayapaccayena paccayo🔽… purejātapaccayena paccayo … pacchājātapaccayena paccayo … āhārapaccayena paccayo	ārammaṇa paccayena paccayaḥ sahajāta paccayena paccayaḥ upanissaya paccayena paccayaḥ  purejāta paccayena paccayo  pacchājāta paccayena paccayo  āhāra paccayena paccayo 	107	A state that is unconnected with the taints, that possesses taints, and is indeterminate is a condition, as object condition, for a state that is unconnected with the taints, that possesses taints, and is indeterminate. …🔽It is a condition, as conascence condition, … as support condition, …
['PA_patthana_3.4:107.1_3']	… indriyapaccayena paccayo. (Saṅkhittaṁ.)	indriya paccayena paccayo 	107	as prenascence condition, … as postnascence condition, … as nutriment condition, …🔽as faculty condition. (In brief.)
['PA_patthana_3.4:108.1']	Nahetuyā satta, naārammaṇe satta. (Saṅkhittaṁ.)	na hetuyā satta na ārammaṇe satta saṅkhitta 	108	As non-cause, seven. As non-object, seven. (In brief.)
['PA_patthana_3.4:109.1']	Hetupaccayā naārammaṇe cattāri. (Saṅkhittaṁ.)	hetu paccayāḥ na ārammaṇe cattāri 	109	With root-cause as condition, not object: four. (In brief.)
['PA_patthana_3.4:110.1']	Nahetupaccayā ārammaṇe tīṇi. (Saṅkhittaṁ.)	na hetu paccayā ārammaṇe tīṇi 	110	With non-root-cause as condition, object: three. (In brief.)
['PA_patthana_3.4:111.1']	(Yathā kusalattike pañhāvārassa anulomampi paccanīyampi anulomapaccanīyampi paccanīyānulomampi gaṇitaṁ, evaṁ gaṇetabbaṁ.)	yathā kusala ttike pañhāvārassa anulomam pi paccanīyam pi anuloma paccanīyam pi paccanīya anulomam pi gaṇitaḥ evam gaṇetabba 	111	(As the section of questions in the case of the three kinds of profitable consciousness was reckoned in the direct order and in the reverse order and in the direct and reverse order, so too should it be reckoned here.)
['PA_patthana_3.4:112.1']	Āsavavippayuttasāsavadukakusalattikaṁ niṭṭhitaṁ.	āsava vippayutta sa āsava duka kusala ttikam niṭṭhita 	112	The third triad of the section on the unprofitable is finished.
['PA_patthana_3.4:113.1']	Āsavagocchakaṁ niṭṭhitaṁ.	āsava gocchakam 	113	The section on the unprofitable is finished.
