segmentnr	original	analyzed
PA_mn_100:0.1	Majjhima Nikāya 100	▁majjhim a ▁nikāya
PA_mn_100:0.2	Saṅgāravasutta	▁saṃ gārav asutta
PA_mn_100:1.1	Evaṁ me sutaṁ—	▁evaṃ ▁me ▁sut aṃ
PA_mn_100:1.2	ekaṁ samayaṁ bhagavā kosalesu cārikaṁ carati mahatā bhikkhusaṅghena saddhiṁ.	▁ekaṃ ▁samay aṃ ▁bhagavā ▁kosal esu ▁ cārik aṃ ▁ca rati ▁mah atā ▁bhikkhusaṃgh ena ▁saddhiṃ
PA_mn_100:2.1	Tena kho pana samayena dhanañjānī nāma brāhmaṇī cañcalikappe paṭivasati abhippasannā buddhe ca dhamme ca saṅghe ca.	▁tena ▁kho ▁pana ▁samayena ▁dhan añj ā nī ▁nāma ▁ brāhmaṇ ī ▁ca ñca li kapp e ▁paṭi va sati ▁abhi ppa sann ā ▁buddh e ▁ca ▁dhamme ▁ca ▁saṃgh e ▁ca
PA_mn_100:2.2	Atha kho dhanañjānī brāhmaṇī upakkhalitvā tikkhattuṁ udānaṁ udānesi:	▁atha ▁kho ▁dhan añj ā nī ▁ brāhmaṇ ī ▁upa kkha l itvā ▁tikkhattuṃ ▁udān aṃ ▁udān esi
PA_mn_100:2.3	“Namo tassa bhagavato arahato sammāsambuddhassa.	▁na mo ▁tassa ▁bhagavato ▁arahato ▁sammāsambuddh assa
PA_mn_100:2.4	Namo tassa bhagavato arahato sammāsambuddhassa.	▁na mo ▁tassa ▁bhagavato ▁arahato ▁sammāsambuddh assa
PA_mn_100:2.5	Namo tassa bhagavato arahato sammāsambuddhassā”ti.	▁na mo ▁tassa ▁bhagavato ▁arahato ▁sammāsambuddh assāti
PA_mn_100:3.1_0	Tena kho pana samayena saṅgāravo nāma māṇavo cañcalikappe paṭivasati tiṇṇaṁ vedānaṁ	▁tena ▁kho ▁pana ▁samayena ▁saṃ gārav o ▁nāma ▁ māṇav o ▁ca ñca li kapp e ▁paṭi va sati ▁tiṇṇaṃ ▁ved ānaṃ
PA_mn_100:3.1_1	pāragū sanighaṇḍukeṭubhānaṁ sākkharappabhedānaṁ itihāsapañcamānaṁ, padako, veyyākaraṇo,	▁ pārag ū ▁sa ni gh a ṇḍ uk e ṭ u bh ānaṃ ▁sā kkhar appabhed ānaṃ ▁iti hās a pañc amān aṃ ▁pad ako ▁veyyākaraṇ o
PA_mn_100:3.1_2	lokāyatamahāpurisalakkhaṇesu anavayo.	▁lok āya t amahā puris alakkhaṇ esu ▁ana va yo
PA_mn_100:3.2	Assosi kho saṅgāravo māṇavo dhanañjāniyā brāhmaṇiyā evaṁ vācaṁ bhāsamānāya.	▁ ass o si ▁kho ▁saṃ gārav o ▁ māṇav o ▁dhan añj āni yā ▁ brāhmaṇ iyā ▁evaṃ ▁vāc aṃ ▁bhāsa mān āya
PA_mn_100:3.3	Sutvā dhanañjāniṁ brāhmaṇiṁ etadavoca:	▁sutvā ▁dhan añj āni ṃ ▁ brāhmaṇ iṃ ▁etadavoca
PA_mn_100:3.4	“avabhūtāva ayaṁ dhanañjānī brāhmaṇī, parabhūtāva ayaṁ dhanañjānī brāhmaṇī, vijjamānānaṁ tevijjānaṁ brāhmaṇānaṁ, atha ca pana tassa muṇḍakassa samaṇakassa vaṇṇaṁ bhāsissatī”ti.	▁ava bhūt āva ▁ayaṃ ▁dhan añj ā nī ▁ brāhmaṇ ī ▁par abhūtā va ▁ayaṃ ▁dhan añj ā nī ▁ brāhmaṇ ī ▁vijjamān ānaṃ ▁te vijj ānaṃ ▁brāhmaṇā naṃ ▁atha ▁ca ▁pana ▁tassa ▁mu ṇḍ akassa ▁samaṇ akassa ▁vaṇṇ aṃ ▁ bhās issatīti
PA_mn_100:3.5	“Na hi pana tvaṁ, tāta bhadramukha, tassa bhagavato sīlapaññāṇaṁ jānāsi.	▁na ▁hi ▁pana ▁tvaṃ ▁tāta ▁bha d ra mukh a ▁tassa ▁bhagavato ▁sīl apaññā ṇ aṃ ▁jān āsi
PA_mn_100:3.6	Sace tvaṁ, tāta bhadramukha, tassa bhagavato sīlapaññāṇaṁ jāneyyāsi, na tvaṁ, tāta bhadramukha, taṁ bhagavantaṁ akkositabbaṁ paribhāsitabbaṁ maññeyyāsī”ti.	▁sace ▁tvaṃ ▁tāta ▁bha d ra mukh a ▁tassa ▁bhagavato ▁sīl apaññā ṇ aṃ ▁jān eyyāsi ▁na ▁tvaṃ ▁tāta ▁bha d ra mukh a ▁taṃ ▁bhagavantaṃ ▁akkos itabbaṃ ▁pari bhās itabbaṃ ▁maññ eyyā sīti
PA_mn_100:3.7	“Tena hi, bhoti, yadā samaṇo gotamo cañcalikappaṁ anuppatto hoti atha me āroceyyāsī”ti.	▁tena ▁hi ▁bho ti ▁yadā ▁samaṇ o ▁gotamo ▁ca ñca li kapp aṃ ▁anuppatt o ▁hoti ▁atha ▁me ▁āroc eyyā sīti
PA_mn_100:3.8	“Evaṁ, bhadramukhā”ti kho dhanañjānī brāhmaṇī saṅgāravassa māṇavassa paccassosi.	▁evaṃ ▁bha d ra mukh āti ▁kho ▁dhan añj ā nī ▁ brāhmaṇ ī ▁saṃ gārav assa ▁māṇava ssa ▁pacc ass o si
PA_mn_100:4.1	Atha kho bhagavā kosalesu anupubbena cārikaṁ caramāno yena cañcalikappaṁ tadavasari.	▁atha ▁kho ▁bhagavā ▁kosal esu ▁anupubb ena ▁ cārik aṃ ▁ca r amāno ▁yena ▁ca ñca li kapp aṃ ▁tad avas a ri
PA_mn_100:4.2	Tatra sudaṁ bhagavā cañcalikappe viharati todeyyānaṁ brāhmaṇānaṁ ambavane.	▁tatra ▁sud aṃ ▁bhagavā ▁ca ñca li kapp e ▁viharati ▁ to d eyyā naṃ ▁brāhmaṇā naṃ ▁ amba vane
PA_mn_100:5.1	Assosi kho dhanañjānī brāhmaṇī: “bhagavā kira cañcalikappaṁ anuppatto, cañcalikappe viharati todeyyānaṁ brāhmaṇānaṁ ambavane”ti.	▁ ass o si ▁kho ▁dhan añj ā nī ▁ brāhmaṇ ī ▁bhagavā ▁kira ▁ca ñca li kapp aṃ ▁anuppatt o ▁ca ñca li kapp e ▁viharati ▁ to d eyyā naṃ ▁brāhmaṇā naṃ ▁ amba vane ti
PA_mn_100:5.2	Atha kho dhanañjānī brāhmaṇī yena saṅgāravo māṇavo tenupasaṅkami; upasaṅkamitvā saṅgāravaṁ māṇavaṁ etadavoca:	▁atha ▁kho ▁dhan añj ā nī ▁ brāhmaṇ ī ▁yena ▁saṃ gārav o ▁ māṇav o ▁tenupasaṃkami ▁upasaṃkamitvā ▁saṃ gārav aṃ ▁māṇava ṃ ▁etadavoca
PA_mn_100:5.3	“ayaṁ, tāta bhadramukha, so bhagavā cañcalikappaṁ anuppatto, cañcalikappe viharati todeyyānaṁ brāhmaṇānaṁ ambavane.	▁ayaṃ ▁tāta ▁bha d ra mukh a ▁so ▁bhagavā ▁ca ñca li kapp aṃ ▁anuppatt o ▁ca ñca li kapp e ▁viharati ▁ to d eyyā naṃ ▁brāhmaṇā naṃ ▁ amba vane
PA_mn_100:5.4	Yassadāni, tāta bhadramukha, kālaṁ maññasī”ti.	▁yassa d āni ▁tāta ▁bha d ra mukh a ▁kālaṃ ▁maññ a sīti
PA_mn_100:5.5	“Evaṁ, bho”ti kho saṅgāravo māṇavo dhanañjāniyā brāhmaṇiyā paṭissutvā yena bhagavā tenupasaṅkami; upasaṅkamitvā bhagavatā saddhiṁ sammodi.	▁evaṃ ▁bho ti ▁kho ▁saṃ gārav o ▁ māṇav o ▁dhan añj āni yā ▁ brāhmaṇ iyā ▁paṭi ssu tvā ▁yena ▁bhagavā ▁tenupasaṃkami ▁upasaṃkamitvā ▁bhagavatā ▁saddhiṃ ▁sam mod i
PA_mn_100:5.6	Sammodanīyaṁ kathaṁ sāraṇīyaṁ vītisāretvā ekamantaṁ nisīdi. Ekamantaṁ nisinno kho saṅgāravo māṇavo bhagavantaṁ etadavoca:	▁sam mod anīy aṃ ▁kathaṃ ▁sār aṇīy aṃ ▁v īti sār etvā ▁ekamantaṃ ▁nisīdi ▁ekamantaṃ ▁nisinno ▁kho ▁saṃ gārav o ▁ māṇav o ▁bhagavantaṃ ▁etadavoca
PA_mn_100:6.1	“Santi kho, bho gotama, eke samaṇabrāhmaṇā diṭṭhadhammābhiññāvosānapāramippattā, ādibrahmacariyaṁ paṭijānanti.	▁santi ▁kho ▁bho ▁gotama ▁ek e ▁samaṇabrāhmaṇ ā ▁diṭṭhadhamm ābhi ññā vo sā na pārami ppatt ā ▁ādi brahmacariy aṃ ▁paṭijān anti
PA_mn_100:6.2	Tatra, bho gotama, ye te samaṇabrāhmaṇā diṭṭhadhammābhiññāvosānapāramippattā, ādibrahmacariyaṁ paṭijānanti, tesaṁ bhavaṁ gotamo katamo”ti?	▁tatra ▁bho ▁gotama ▁ye ▁te ▁samaṇabrāhmaṇ ā ▁diṭṭhadhamm ābhi ññā vo sā na pārami ppatt ā ▁ādi brahmacariy aṃ ▁paṭijān anti ▁tesaṃ ▁bhav aṃ ▁gotamo ▁katamo ti
PA_mn_100:7.1	“Diṭṭhadhammābhiññāvosānapāramippattānaṁ, ādibrahmacariyaṁ paṭijānantānampi kho ahaṁ, bhāradvāja, vemattaṁ vadāmi.	▁diṭṭhadhamm ābhi ññā vo sā na pārami ppatt ānaṃ ▁ādi brahmacariy aṃ ▁paṭijān a nt ānampi ▁kho ▁ahaṃ ▁ bhāradvāj a ▁ve matt aṃ ▁vadāmi
PA_mn_100:7.2	Santi, bhāradvāja, eke samaṇabrāhmaṇā anussavikā.	▁santi ▁ bhāradvāj a ▁ek e ▁samaṇabrāhmaṇ ā ▁anu ssa vik ā
PA_mn_100:7.3	Te anussavena diṭṭhadhammābhiññāvosānapāramippattā, ādibrahmacariyaṁ paṭijānanti;	▁te ▁anu ssa v ena ▁diṭṭhadhamm ābhi ññā vo sā na pārami ppatt ā ▁ādi brahmacariy aṃ ▁paṭijān anti
PA_mn_100:7.4	seyyathāpi brāhmaṇā tevijjā.	▁seyyathāpi ▁brāhmaṇā ▁te vijj ā
PA_mn_100:7.5	Santi pana, bhāradvāja, eke samaṇabrāhmaṇā kevalaṁ saddhāmattakena diṭṭhadhammābhiññāvosānapāramippattā, ādibrahmacariyaṁ paṭijānanti;	▁santi ▁pana ▁ bhāradvāj a ▁ek e ▁samaṇabrāhmaṇ ā ▁kevalaṃ ▁saddhā matt akena ▁diṭṭhadhamm ābhi ññā vo sā na pārami ppatt ā ▁ādi brahmacariy aṃ ▁paṭijān anti
PA_mn_100:7.6	seyyathāpi takkī vīmaṁsī.	▁seyyathāpi ▁takk ī ▁vīmaṃs ī
PA_mn_100:7.7	Santi, bhāradvāja, eke samaṇabrāhmaṇā pubbe ananussutesu dhammesu sāmaṁyeva dhammaṁ abhiññāya diṭṭhadhammābhiññāvosānapāramippattā, ādibrahmacariyaṁ paṭijānanti.	▁santi ▁ bhāradvāj a ▁ek e ▁samaṇabrāhmaṇ ā ▁pubbe ▁ananu ssu t esu ▁dhammesu ▁sām aṃ yeva ▁dhammaṃ ▁abhiññā ya ▁diṭṭhadhamm ābhi ññā vo sā na pārami ppatt ā ▁ādi brahmacariy aṃ ▁paṭijān anti
PA_mn_100:7.8	Tatra, bhāradvāja, ye te samaṇabrāhmaṇā pubbe ananussutesu dhammesu sāmaṁyeva dhammaṁ abhiññāya diṭṭhadhammābhiññāvosānapāramippattā, ādibrahmacariyaṁ paṭijānanti, tesāhamasmi.	▁tatra ▁ bhāradvāj a ▁ye ▁te ▁samaṇabrāhmaṇ ā ▁pubbe ▁ananu ssu t esu ▁dhammesu ▁sām aṃ yeva ▁dhammaṃ ▁abhiññā ya ▁diṭṭhadhamm ābhi ññā vo sā na pārami ppatt ā ▁ādi brahmacariy aṃ ▁paṭijān anti ▁te sā hamasmi
PA_mn_100:8.1_0	Tadamināpetaṁ, bhāradvāja, pariyāyena veditabbaṁ, yathā ye te samaṇabrāhmaṇā pubbe	▁tada mi nā pe taṃ ▁ bhāradvāj a ▁pariyāy ena ▁veditabbaṃ ▁yathā ▁ye ▁te ▁samaṇabrāhmaṇ ā ▁pubbe
PA_mn_100:8.1_1	ananussutesu dhammesu sāmaṁyeva dhammaṁ abhiññāya diṭṭhadhammābhiññāvosānapāramippattā,	▁ananu ssu t esu ▁dhammesu ▁sām aṃ yeva ▁dhammaṃ ▁abhiññā ya ▁diṭṭhadhamm ābhi ññā vo sā na pārami ppatt ā
PA_mn_100:8.1_2	ādibrahmacariyaṁ paṭijānanti, tesāhamasmi.	▁ādi brahmacariy aṃ ▁paṭijān anti ▁te sā hamasmi
PA_mn_100:9.1	Idha me, bhāradvāja, pubbeva sambodhā anabhisambuddhassa bodhisattasseva sato etadahosi:	▁idha ▁me ▁ bhāradvāj a ▁pubbe va ▁sam bodh ā ▁anabhi sam buddh assa ▁bodhisatt asseva ▁sat o ▁etadahosi
PA_mn_100:9.2	‘sambādho gharāvāso rajāpatho, abbhokāso pabbajjā.	▁sam bādh o ▁ghar ā vās o ▁raj ā path o ▁abbh o kās o ▁pabbajj ā
PA_mn_100:9.3	Nayidaṁ sukaraṁ agāraṁ ajjhāvasatā ekantaparipuṇṇaṁ ekantaparisuddhaṁ saṅkhalikhitaṁ brahmacariyaṁ carituṁ.	▁na y idaṃ ▁su kar aṃ ▁a gār aṃ ▁ajjh āva sat ā ▁ekant a paripuṇṇ aṃ ▁ekant a parisuddh aṃ ▁saṃkh a li kh itaṃ ▁brahmacariyaṃ ▁ca r ituṃ
PA_mn_100:9.4	Yannūnāhaṁ kesamassuṁ ohāretvā kāsāyāni vatthāni acchādetvā agārasmā anagāriyaṁ pabbajeyyan’ti.	▁ yan n ūn ā haṃ ▁kes ama ssu ṃ ▁ o hār etvā ▁kā sā y āni ▁vatth āni ▁a cchā d etvā ▁agārasmā ▁anagāriyaṃ ▁pabbaj eyyanti
PA_mn_100:9.5_0	So kho ahaṁ, bhāradvāja, aparena samayena daharova samāno susukāḷakeso bhadrena yobbanena	▁so ▁kho ▁ahaṃ ▁ bhāradvāj a ▁apar ena ▁samayena ▁dahar ova ▁samān o ▁su su kā ḷ ake so ▁bha d r ena ▁yo bb anena
PA_mn_100:9.5_1	samannāgato paṭhamena vayasā akāmakānaṁ mātāpitūnaṁ assumukhānaṁ rudantānaṁ kesamassuṁ	▁samannāgato ▁paṭham ena ▁vay a sā ▁a kām akānaṃ ▁ mātāpit ūn aṃ ▁a ssu mukh ānaṃ ▁ ru dant ānaṃ ▁kes ama ssu ṃ
PA_mn_100:9.5_2	ohāretvā kāsāyāni vatthāni acchādetvā agārasmā anagāriyaṁ pabbajiṁ.	▁ o hār etvā ▁kā sā y āni ▁vatth āni ▁a cchā d etvā ▁agārasmā ▁anagāriyaṃ ▁pabbaj iṃ
PA_mn_100:9.6	So evaṁ pabbajito samāno kiṅkusalagavesī anuttaraṁ santivarapadaṁ pariyesamāno yena āḷāro kālāmo tenupasaṅkamiṁ; upasaṅkamitvā āḷāraṁ kālāmaṁ etadavocaṁ:	▁so ▁evaṃ ▁pabbajit o ▁samān o ▁kiṃ kusal a gav e sī ▁anuttar aṃ ▁santi var apad aṃ ▁pariyes amāno ▁yena ▁ ā ḷār o ▁kāl ā mo ▁tenupasaṃkami ṃ ▁upasaṃkamitvā ▁ ā ḷār aṃ ▁kāl ā maṃ ▁etadavoca ṃ
PA_mn_100:9.7	‘icchāmahaṁ, āvuso kālāma, imasmiṁ dhammavinaye brahmacariyaṁ caritun’ti.	▁icch āma haṃ ▁āvuso ▁kāl āma ▁imasmiṃ ▁dhammavinay e ▁brahmacariyaṃ ▁ca r itunti
PA_mn_100:9.8	Evaṁ vutte, bhāradvāja, āḷāro kālāmo maṁ etadavoca:	▁evaṃ ▁vutte ▁ bhāradvāj a ▁ ā ḷār o ▁kāl ā mo ▁maṃ ▁etadavoca
PA_mn_100:9.9	‘viharatāyasmā.	▁viharat ā y asmā
PA_mn_100:9.10	Tādiso ayaṁ dhammo yattha viññū puriso nacirasseva sakaṁ ācariyakaṁ sayaṁ abhiññā sacchikatvā upasampajja vihareyyā’ti.	▁tādis o ▁ayaṃ ▁dhammo ▁yattha ▁viññū ▁puriso ▁na ci r asseva ▁sak aṃ ▁ācariy akaṃ ▁sayaṃ ▁abhiññā ▁sacchikatvā ▁upasampajja ▁vi har eyyāti
PA_mn_100:9.11	So kho ahaṁ, bhāradvāja, nacirasseva khippameva taṁ dhammaṁ pariyāpuṇiṁ.	▁so ▁kho ▁ahaṃ ▁ bhāradvāj a ▁na ci r asseva ▁khipp ameva ▁taṃ ▁dhammaṃ ▁pari yā pu ṇ iṃ
PA_mn_100:9.12	So kho ahaṁ, bhāradvāja, tāvatakeneva oṭṭhapahatamattena lapitalāpanamattena ‘ñāṇavādañca vadāmi, theravādañca jānāmi, passāmī’ti ca paṭijānāmi, ahañceva aññe ca.	▁so ▁kho ▁ahaṃ ▁ bhāradvāj a ▁tāva tak eneva ▁ o ṭṭh apa hata matt ena ▁la pi tal āpan amatt ena ▁ñāṇ a vād añca ▁vadāmi ▁ther a vād añca ▁jānāmi ▁pass āmīti ▁ca ▁paṭijān āmi ▁ah añceva ▁aññe ▁ca
PA_mn_100:9.13	Tassa mayhaṁ, bhāradvāja, etadahosi:	▁tassa ▁mayhaṃ ▁ bhāradvāj a ▁etadahosi
PA_mn_100:9.14	‘na kho āḷāro kālāmo imaṁ dhammaṁ kevalaṁ saddhāmattakena sayaṁ abhiññā sacchikatvā upasampajja viharāmīti pavedeti;	▁na ▁kho ▁ ā ḷār o ▁kāl ā mo ▁imaṃ ▁dhammaṃ ▁kevalaṃ ▁saddhā matt akena ▁sayaṃ ▁abhiññā ▁sacchikatvā ▁upasampajja ▁vi har āmīti ▁pa ved eti
PA_mn_100:9.15	addhā āḷāro kālāmo imaṁ dhammaṁ jānaṁ passaṁ viharatī’ti.	▁addhā ▁ ā ḷār o ▁kāl ā mo ▁imaṃ ▁dhammaṃ ▁jān aṃ ▁pass aṃ ▁viharat īti
PA_mn_100:10.1	Atha khvāhaṁ, bhāradvāja, yena āḷāro kālāmo tenupasaṅkamiṁ; upasaṅkamitvā āḷāraṁ kālāmaṁ etadavocaṁ:	▁atha ▁kh vā haṃ ▁ bhāradvāj a ▁yena ▁ ā ḷār o ▁kāl ā mo ▁tenupasaṃkami ṃ ▁upasaṃkamitvā ▁ ā ḷār aṃ ▁kāl ā maṃ ▁etadavoca ṃ
PA_mn_100:10.2	‘kittāvatā no, āvuso kālāma, imaṁ dhammaṁ sayaṁ abhiññā sacchikatvā upasampajja viharāmīti pavedesī’ti?	▁ki ttā va tā ▁no ▁āvuso ▁kāl āma ▁imaṃ ▁dhammaṃ ▁sayaṃ ▁abhiññā ▁sacchikatvā ▁upasampajja ▁vi har āmīti ▁pa ved esīti
PA_mn_100:10.3	Evaṁ vutte, bhāradvāja, āḷāro kālāmo ākiñcaññāyatanaṁ pavedesi.	▁evaṃ ▁vutte ▁ bhāradvāj a ▁ ā ḷār o ▁kāl ā mo ▁ākiñcaññāyatan aṃ ▁pa ved esi
PA_mn_100:10.4	Tassa mayhaṁ, bhāradvāja, etadahosi:	▁tassa ▁mayhaṃ ▁ bhāradvāj a ▁etadahosi
PA_mn_100:10.5	‘na kho āḷārasseva kālāmassa atthi saddhā, mayhampatthi saddhā;	▁na ▁kho ▁ ā ḷār asseva ▁kāl āma ssa ▁atthi ▁saddhā ▁mayh am patt hi ▁saddhā
PA_mn_100:10.6	na kho āḷārasseva kālāmassa atthi vīriyaṁ …pe…	▁na ▁kho ▁ ā ḷār asseva ▁kāl āma ssa ▁atthi ▁vīriy aṃ ▁pe
PA_mn_100:10.7	sati …	▁sati
PA_mn_100:10.8	samādhi …	▁samādhi
PA_mn_100:10.9	paññā, mayhampatthi paññā.	▁paññā ▁mayh am patt hi ▁paññā
PA_mn_100:10.10	Yannūnāhaṁ yaṁ dhammaṁ āḷāro kālāmo sayaṁ abhiññā sacchikatvā upasampajja viharāmīti pavedeti tassa dhammassa sacchikiriyāya padaheyyan’ti.	▁ yan n ūn ā haṃ ▁yaṃ ▁dhammaṃ ▁ ā ḷār o ▁kāl ā mo ▁sayaṃ ▁abhiññā ▁sacchikatvā ▁upasampajja ▁vi har āmīti ▁pa ved eti ▁tassa ▁dhammassa ▁ sacchikiriy āya ▁pa dah eyyanti
PA_mn_100:10.11	So kho ahaṁ, bhāradvāja, nacirasseva khippameva taṁ dhammaṁ sayaṁ abhiññā sacchikatvā upasampajja vihāsiṁ.	▁so ▁kho ▁ahaṃ ▁ bhāradvāj a ▁na ci r asseva ▁khipp ameva ▁taṃ ▁dhammaṃ ▁sayaṃ ▁abhiññā ▁sacchikatvā ▁upasampajja ▁vi hās iṃ
PA_mn_100:10.12	Atha khvāhaṁ, bhāradvāja, yena āḷāro kālāmo tenupasaṅkamiṁ; upasaṅkamitvā āḷāraṁ kālāmaṁ etadavocaṁ:	▁atha ▁kh vā haṃ ▁ bhāradvāj a ▁yena ▁ ā ḷār o ▁kāl ā mo ▁tenupasaṃkami ṃ ▁upasaṃkamitvā ▁ ā ḷār aṃ ▁kāl ā maṃ ▁etadavoca ṃ
PA_mn_100:10.13	‘ettāvatā no, āvuso kālāma, imaṁ dhammaṁ sayaṁ abhiññā sacchikatvā upasampajja pavedesī’ti?	▁ettāvatā ▁no ▁āvuso ▁kāl āma ▁imaṃ ▁dhammaṃ ▁sayaṃ ▁abhiññā ▁sacchikatvā ▁upasampajja ▁pa ved esīti
PA_mn_100:10.14	‘Ettāvatā kho ahaṁ, āvuso, imaṁ dhammaṁ sayaṁ abhiññā sacchikatvā upasampajja pavedemī’ti.	▁ettāvatā ▁kho ▁ahaṃ ▁āvuso ▁imaṃ ▁dhammaṃ ▁sayaṃ ▁abhiññā ▁sacchikatvā ▁upasampajja ▁pa ved e m īti
PA_mn_100:10.15	‘Ahampi kho, āvuso, ettāvatā imaṁ dhammaṁ sayaṁ abhiññā sacchikatvā upasampajja viharāmī’ti.	▁ah ampi ▁kho ▁āvuso ▁ettāvatā ▁imaṃ ▁dhammaṃ ▁sayaṃ ▁abhiññā ▁sacchikatvā ▁upasampajja ▁vi har āmīti
PA_mn_100:10.16	‘Lābhā no, āvuso, suladdhaṁ no, āvuso,	▁lābh ā ▁no ▁āvuso ▁su laddh aṃ ▁no ▁āvuso
PA_mn_100:10.17	ye mayaṁ āyasmantaṁ tādisaṁ sabrahmacāriṁ passāma.	▁ye ▁mayaṃ ▁āyasmant aṃ ▁tādis aṃ ▁sa brahm acāri ṃ ▁pass āma
PA_mn_100:10.18	Iti yāhaṁ dhammaṁ sayaṁ abhiññā sacchikatvā upasampajja pavedemi taṁ tvaṁ dhammaṁ sayaṁ abhiññā sacchikatvā upasampajja viharasi;	▁iti ▁yā haṃ ▁dhammaṃ ▁sayaṃ ▁abhiññā ▁sacchikatvā ▁upasampajja ▁pa ved e mi ▁taṃ ▁tvaṃ ▁dhammaṃ ▁sayaṃ ▁abhiññā ▁sacchikatvā ▁upasampajja ▁vi har asi
PA_mn_100:10.19	yaṁ tvaṁ dhammaṁ sayaṁ abhiññā sacchikatvā upasampajja viharasi tamahaṁ dhammaṁ sayaṁ abhiññā sacchikatvā upasampajja pavedemi.	▁yaṃ ▁tvaṃ ▁dhammaṃ ▁sayaṃ ▁abhiññā ▁sacchikatvā ▁upasampajja ▁vi har asi ▁tam a haṃ ▁dhammaṃ ▁sayaṃ ▁abhiññā ▁sacchikatvā ▁upasampajja ▁pa ved e mi
PA_mn_100:10.20	Iti yāhaṁ dhammaṁ jānāmi taṁ tvaṁ dhammaṁ jānāsi, yaṁ tvaṁ dhammaṁ jānāsi tamahaṁ dhammaṁ jānāmi.	▁iti ▁yā haṃ ▁dhammaṃ ▁jānāmi ▁taṃ ▁tvaṃ ▁dhammaṃ ▁jān āsi ▁yaṃ ▁tvaṃ ▁dhammaṃ ▁jān āsi ▁tam a haṃ ▁dhammaṃ ▁jānāmi
PA_mn_100:10.21	Iti yādiso ahaṁ tādiso tuvaṁ, yādiso tuvaṁ tādiso ahaṁ.	▁iti ▁yā dis o ▁ahaṃ ▁tādis o ▁tuvaṃ ▁yā dis o ▁tuvaṃ ▁tādis o ▁ahaṃ
PA_mn_100:10.22	Ehi dāni, āvuso, ubhova santā imaṁ gaṇaṁ pariharāmā’ti.	▁ ehi ▁d āni ▁āvuso ▁ubho va ▁sant ā ▁imaṃ ▁gaṇ aṃ ▁pari har āmāti
PA_mn_100:10.23	Iti kho, bhāradvāja, āḷāro kālāmo ācariyo me samāno attano antevāsiṁ maṁ samānaṁ attanā samasamaṁ ṭhapesi, uḷārāya ca maṁ pūjāya pūjesi.	▁iti ▁kho ▁ bhāradvāj a ▁ ā ḷār o ▁kāl ā mo ▁ācariy o ▁me ▁samān o ▁attano ▁ ante vās iṃ ▁maṃ ▁samān aṃ ▁attanā ▁sam asam aṃ ▁ṭhap esi ▁uḷār āya ▁ca ▁maṃ ▁pūj āya ▁pūj esi
PA_mn_100:10.24	Tassa mayhaṁ, bhāradvāja, etadahosi:	▁tassa ▁mayhaṃ ▁ bhāradvāj a ▁etadahosi
PA_mn_100:10.25	‘nāyaṁ dhammo nibbidāya na virāgāya na nirodhāya na upasamāya na abhiññāya na sambodhāya na nibbānāya saṁvattati, yāvadeva ākiñcaññāyatanūpapattiyā’ti.	▁nā yaṃ ▁dhammo ▁nibbidā ya ▁na ▁virāg āya ▁na ▁nirodh āya ▁na ▁upa sam āya ▁na ▁abhiññā ya ▁na ▁sam bodh āya ▁na ▁nibbān āya ▁saṃvatt ati ▁yāva deva ▁ākiñcaññāyatan ūpapatti yāti
PA_mn_100:10.26	So kho ahaṁ, bhāradvāja, taṁ dhammaṁ analaṅkaritvā tasmā dhammā nibbijja apakkamiṁ.	▁so ▁kho ▁ahaṃ ▁ bhāradvāj a ▁taṃ ▁dhammaṃ ▁ana laṃ kar itvā ▁tasmā ▁dhammā ▁nibb i jja ▁apa kkam iṃ
PA_mn_100:11.1	So kho ahaṁ, bhāradvāja, kiṅkusalagavesī anuttaraṁ santivarapadaṁ pariyesamāno yena udako rāmaputto tenupasaṅkamiṁ; upasaṅkamitvā udakaṁ rāmaputtaṁ etadavocaṁ:	▁so ▁kho ▁ahaṃ ▁ bhāradvāj a ▁kiṃ kusal a gav e sī ▁anuttar aṃ ▁santi var apad aṃ ▁pariyes amāno ▁yena ▁udak o ▁ rā m aputto ▁tenupasaṃkami ṃ ▁upasaṃkamitvā ▁udakaṃ ▁ rā ma putt aṃ ▁etadavoca ṃ
PA_mn_100:11.2	‘icchāmahaṁ, āvuso, imasmiṁ dhammavinaye brahmacariyaṁ caritun’ti.	▁icch āma haṃ ▁āvuso ▁imasmiṃ ▁dhammavinay e ▁brahmacariyaṃ ▁ca r itunti
PA_mn_100:11.3	Evaṁ vutte, bhāradvāja, udako rāmaputto maṁ etadavoca:	▁evaṃ ▁vutte ▁ bhāradvāj a ▁udak o ▁ rā m aputto ▁maṃ ▁etadavoca
PA_mn_100:11.4	‘viharatāyasmā.	▁viharat ā y asmā
PA_mn_100:11.5	Tādiso ayaṁ dhammo yattha viññū puriso nacirasseva sakaṁ ācariyakaṁ sayaṁ abhiññā sacchikatvā upasampajja vihareyyā’ti.	▁tādis o ▁ayaṃ ▁dhammo ▁yattha ▁viññū ▁puriso ▁na ci r asseva ▁sak aṃ ▁ācariy akaṃ ▁sayaṃ ▁abhiññā ▁sacchikatvā ▁upasampajja ▁vi har eyyāti
PA_mn_100:11.6	So kho ahaṁ, bhāradvāja, nacirasseva khippameva taṁ dhammaṁ pariyāpuṇiṁ.	▁so ▁kho ▁ahaṃ ▁ bhāradvāj a ▁na ci r asseva ▁khipp ameva ▁taṃ ▁dhammaṃ ▁pari yā pu ṇ iṃ
PA_mn_100:11.7	So kho ahaṁ, bhāradvāja, tāvatakeneva oṭṭhapahatamattena lapitalāpanamattena ‘ñāṇavādañca vadāmi, theravādañca jānāmi, passāmī’ti ca paṭijānāmi, ahañceva aññe ca.	▁so ▁kho ▁ahaṃ ▁ bhāradvāj a ▁tāva tak eneva ▁ o ṭṭh apa hata matt ena ▁la pi tal āpan amatt ena ▁ñāṇ a vād añca ▁vadāmi ▁ther a vād añca ▁jānāmi ▁pass āmīti ▁ca ▁paṭijān āmi ▁ah añceva ▁aññe ▁ca
PA_mn_100:11.8	Tassa mayhaṁ, bhāradvāja, etadahosi:	▁tassa ▁mayhaṃ ▁ bhāradvāj a ▁etadahosi
PA_mn_100:11.9	‘na kho rāmo imaṁ dhammaṁ kevalaṁ saddhāmattakena sayaṁ abhiññā sacchikatvā upasampajja viharāmīti pavedesi;	▁na ▁kho ▁ rā mo ▁imaṃ ▁dhammaṃ ▁kevalaṃ ▁saddhā matt akena ▁sayaṃ ▁abhiññā ▁sacchikatvā ▁upasampajja ▁vi har āmīti ▁pa ved esi
PA_mn_100:11.10	addhā rāmo imaṁ dhammaṁ jānaṁ passaṁ vihāsī’ti.	▁addhā ▁ rā mo ▁imaṃ ▁dhammaṃ ▁jān aṃ ▁pass aṃ ▁vi hā sīti
PA_mn_100:11.11	Atha khvāhaṁ, bhāradvāja, yena udako rāmaputto tenupasaṅkamiṁ; upasaṅkamitvā udakaṁ rāmaputtaṁ etadavocaṁ:	▁atha ▁kh vā haṃ ▁ bhāradvāj a ▁yena ▁udak o ▁ rā m aputto ▁tenupasaṃkami ṃ ▁upasaṃkamitvā ▁udakaṃ ▁ rā ma putt aṃ ▁etadavoca ṃ
PA_mn_100:11.12	‘kittāvatā no, āvuso, rāmo imaṁ dhammaṁ sayaṁ abhiññā sacchikatvā upasampajja viharāmīti pavedesī’ti?	▁ki ttā va tā ▁no ▁āvuso ▁ rā mo ▁imaṃ ▁dhammaṃ ▁sayaṃ ▁abhiññā ▁sacchikatvā ▁upasampajja ▁vi har āmīti ▁pa ved esīti
PA_mn_100:11.13	Evaṁ vutte, bhāradvāja, udako rāmaputto nevasaññānāsaññāyatanaṁ pavedesi.	▁evaṃ ▁vutte ▁ bhāradvāj a ▁udak o ▁ rā m aputto ▁nevasaññānāsaññ āyatanaṃ ▁pa ved esi
PA_mn_100:11.14	Tassa mayhaṁ, bhāradvāja, etadahosi:	▁tassa ▁mayhaṃ ▁ bhāradvāj a ▁etadahosi
PA_mn_100:11.15	‘na kho rāmasseva ahosi saddhā, mayhampatthi saddhā;	▁na ▁kho ▁ rā m asseva ▁ahosi ▁saddhā ▁mayh am patt hi ▁saddhā
PA_mn_100:11.16	na kho rāmasseva ahosi vīriyaṁ …pe…	▁na ▁kho ▁ rā m asseva ▁ahosi ▁vīriy aṃ ▁pe
PA_mn_100:11.17	sati …	▁sati
PA_mn_100:11.18	samādhi …	▁samādhi
PA_mn_100:11.19	paññā, mayhampatthi paññā.	▁paññā ▁mayh am patt hi ▁paññā
PA_mn_100:11.20	Yannūnāhaṁ yaṁ dhammaṁ rāmo sayaṁ abhiññā sacchikatvā upasampajja viharāmīti pavedesi tassa dhammassa sacchikiriyāya padaheyyan’ti.	▁ yan n ūn ā haṃ ▁yaṃ ▁dhammaṃ ▁ rā mo ▁sayaṃ ▁abhiññā ▁sacchikatvā ▁upasampajja ▁vi har āmīti ▁pa ved esi ▁tassa ▁dhammassa ▁ sacchikiriy āya ▁pa dah eyyanti
PA_mn_100:11.21	So kho ahaṁ, bhāradvāja, nacirasseva khippameva taṁ dhammaṁ sayaṁ abhiññā sacchikatvā upasampajja vihāsiṁ.	▁so ▁kho ▁ahaṃ ▁ bhāradvāj a ▁na ci r asseva ▁khipp ameva ▁taṃ ▁dhammaṃ ▁sayaṃ ▁abhiññā ▁sacchikatvā ▁upasampajja ▁vi hās iṃ
PA_mn_100:12.1	Atha khvāhaṁ, bhāradvāja, yena udako rāmaputto tenupasaṅkamiṁ; upasaṅkamitvā udakaṁ rāmaputtaṁ etadavocaṁ:	▁atha ▁kh vā haṃ ▁ bhāradvāj a ▁yena ▁udak o ▁ rā m aputto ▁tenupasaṃkami ṃ ▁upasaṃkamitvā ▁udakaṃ ▁ rā ma putt aṃ ▁etadavoca ṃ
PA_mn_100:12.2	‘ettāvatā no, āvuso, rāmo imaṁ dhammaṁ sayaṁ abhiññā sacchikatvā upasampajja pavedesī’ti?	▁ettāvatā ▁no ▁āvuso ▁ rā mo ▁imaṃ ▁dhammaṃ ▁sayaṃ ▁abhiññā ▁sacchikatvā ▁upasampajja ▁pa ved esīti
PA_mn_100:12.3	‘Ettāvatā kho, āvuso, rāmo imaṁ dhammaṁ sayaṁ abhiññā sacchikatvā upasampajja pavedesī’ti.	▁ettāvatā ▁kho ▁āvuso ▁ rā mo ▁imaṃ ▁dhammaṃ ▁sayaṃ ▁abhiññā ▁sacchikatvā ▁upasampajja ▁pa ved esīti
PA_mn_100:12.4	‘Ahampi kho, āvuso, ettāvatā imaṁ dhammaṁ sayaṁ abhiññā sacchikatvā upasampajja viharāmī’ti.	▁ah ampi ▁kho ▁āvuso ▁ettāvatā ▁imaṃ ▁dhammaṃ ▁sayaṃ ▁abhiññā ▁sacchikatvā ▁upasampajja ▁vi har āmīti
PA_mn_100:12.5	‘Lābhā no, āvuso, suladdhaṁ no, āvuso,	▁lābh ā ▁no ▁āvuso ▁su laddh aṃ ▁no ▁āvuso
PA_mn_100:12.6	ye mayaṁ āyasmantaṁ tādisaṁ sabrahmacāriṁ passāma.	▁ye ▁mayaṃ ▁āyasmant aṃ ▁tādis aṃ ▁sa brahm acāri ṃ ▁pass āma
PA_mn_100:12.7	Iti yaṁ dhammaṁ rāmo sayaṁ abhiññā sacchikatvā upasampajja pavedesi taṁ tvaṁ dhammaṁ sayaṁ abhiññā sacchikatvā upasampajja viharasi;	▁iti ▁yaṃ ▁dhammaṃ ▁ rā mo ▁sayaṃ ▁abhiññā ▁sacchikatvā ▁upasampajja ▁pa ved esi ▁taṃ ▁tvaṃ ▁dhammaṃ ▁sayaṃ ▁abhiññā ▁sacchikatvā ▁upasampajja ▁vi har asi
PA_mn_100:12.8	yaṁ tvaṁ dhammaṁ sayaṁ abhiññā sacchikatvā upasampajja viharasi taṁ dhammaṁ rāmo sayaṁ abhiññā sacchikatvā upasampajja pavedesi.	▁yaṃ ▁tvaṃ ▁dhammaṃ ▁sayaṃ ▁abhiññā ▁sacchikatvā ▁upasampajja ▁vi har asi ▁taṃ ▁dhammaṃ ▁ rā mo ▁sayaṃ ▁abhiññā ▁sacchikatvā ▁upasampajja ▁pa ved esi
PA_mn_100:12.9	Iti yaṁ dhammaṁ rāmo abhiññāsi taṁ tvaṁ dhammaṁ jānāsi, yaṁ tvaṁ dhammaṁ jānāsi taṁ dhammaṁ rāmo abhiññāsi.	▁iti ▁yaṃ ▁dhammaṃ ▁ rā mo ▁abhiññā si ▁taṃ ▁tvaṃ ▁dhammaṃ ▁jān āsi ▁yaṃ ▁tvaṃ ▁dhammaṃ ▁jān āsi ▁taṃ ▁dhammaṃ ▁ rā mo ▁abhiññā si
PA_mn_100:12.10	Iti yādiso rāmo ahosi tādiso tuvaṁ, yādiso tuvaṁ tādiso rāmo ahosi.	▁iti ▁yā dis o ▁ rā mo ▁ahosi ▁tādis o ▁tuvaṃ ▁yā dis o ▁tuvaṃ ▁tādis o ▁ rā mo ▁ahosi
PA_mn_100:12.11	Ehi dāni, āvuso, tuvaṁ imaṁ gaṇaṁ pariharā’ti.	▁ ehi ▁d āni ▁āvuso ▁tuvaṃ ▁imaṃ ▁gaṇ aṃ ▁pari har āti
PA_mn_100:12.12	Iti kho, bhāradvāja, udako rāmaputto sabrahmacārī me samāno ācariyaṭṭhāne maṁ ṭhapesi, uḷārāya ca maṁ pūjāya pūjesi.	▁iti ▁kho ▁ bhāradvāj a ▁udak o ▁ rā m aputto ▁sabrahmacārī ▁me ▁samān o ▁ācariy aṭṭhāne ▁maṃ ▁ṭhap esi ▁uḷār āya ▁ca ▁maṃ ▁pūj āya ▁pūj esi
PA_mn_100:12.13	Tassa mayhaṁ, bhāradvāja, etadahosi:	▁tassa ▁mayhaṃ ▁ bhāradvāj a ▁etadahosi
PA_mn_100:12.14	‘nāyaṁ dhammo nibbidāya na virāgāya na nirodhāya na upasamāya na abhiññāya na sambodhāya na nibbānāya saṁvattati, yāvadeva nevasaññānāsaññāyatanūpapattiyā’ti.	▁nā yaṃ ▁dhammo ▁nibbidā ya ▁na ▁virāg āya ▁na ▁nirodh āya ▁na ▁upa sam āya ▁na ▁abhiññā ya ▁na ▁sam bodh āya ▁na ▁nibbān āya ▁saṃvatt ati ▁yāva deva ▁nevasaññānāsaññ āyatan ūpapatti yāti
PA_mn_100:12.15	So kho ahaṁ, bhāradvāja, taṁ dhammaṁ analaṅkaritvā tasmā dhammā nibbijja apakkamiṁ.	▁so ▁kho ▁ahaṃ ▁ bhāradvāj a ▁taṃ ▁dhammaṃ ▁ana laṃ kar itvā ▁tasmā ▁dhammā ▁nibb i jja ▁apa kkam iṃ
PA_mn_100:13.1	So kho ahaṁ, bhāradvāja, kiṅkusalagavesī anuttaraṁ santivarapadaṁ pariyesamāno magadhesu anupubbena cārikaṁ caramāno yena uruvelā senānigamo tadavasariṁ.	▁so ▁kho ▁ahaṃ ▁ bhāradvāj a ▁kiṃ kusal a gav e sī ▁anuttar aṃ ▁santi var apad aṃ ▁pariyes amāno ▁ma ga dh esu ▁anupubb ena ▁ cārik aṃ ▁ca r amāno ▁yena ▁u ru ve lā ▁senā ni gam o ▁tada va sar iṃ
PA_mn_100:13.2	Tatthaddasaṁ ramaṇīyaṁ bhūmibhāgaṁ, pāsādikañca vanasaṇḍaṁ, nadiñca sandantiṁ setakaṁ supatitthaṁ ramaṇīyaṁ, samantā ca gocaragāmaṁ.	▁tattha dda saṃ ▁ramaṇīy aṃ ▁bhūmi bhāg aṃ ▁pāsādik añca ▁ vanasaṇḍ aṃ ▁na di ñca ▁sand anti ṃ ▁set akaṃ ▁su pati tth aṃ ▁ramaṇīy aṃ ▁sam antā ▁ca ▁gocar agām aṃ
PA_mn_100:13.3	Tassa mayhaṁ, bhāradvāja, etadahosi:	▁tassa ▁mayhaṃ ▁ bhāradvāj a ▁etadahosi
PA_mn_100:13.4	‘ramaṇīyo vata bho bhūmibhāgo, pāsādiko ca vanasaṇḍo, nadī ca sandati setakā supatitthā ramaṇīyā, samantā ca gocaragāmo.	▁ramaṇīy o ▁vata ▁bho ▁bhūmi bhāg o ▁pāsādik o ▁ca ▁ vanasaṇḍ o ▁nadī ▁ca ▁sand ati ▁set akā ▁su pati tth ā ▁ramaṇīy ā ▁sam antā ▁ca ▁gocar agām o
PA_mn_100:13.5	Alaṁ vatidaṁ kulaputtassa padhānatthikassa padhānāyā’ti.	▁alaṃ ▁vat idaṃ ▁kulaputt assa ▁padhān a tthik assa ▁padhān āyāti
PA_mn_100:13.6	So kho ahaṁ, bhāradvāja, tattheva nisīdiṁ:	▁so ▁kho ▁ahaṃ ▁ bhāradvāj a ▁tattheva ▁nisīdi ṃ
PA_mn_100:13.7	‘alamidaṁ padhānāyā’ti.	▁ala m idaṃ ▁padhān āyāti
PA_mn_100:14.1	Apissu maṁ, bhāradvāja, tisso upamā paṭibhaṁsu anacchariyā pubbe assutapubbā.	▁api ssu ▁maṃ ▁ bhāradvāj a ▁tisso ▁upamā ▁paṭi bh aṃ su ▁ana cchar iyā ▁pubbe ▁a ssu ta pubb ā
PA_mn_100:14.2	Seyyathāpi, bhāradvāja, allaṁ kaṭṭhaṁ sasnehaṁ udake nikkhittaṁ.	▁seyyathāpi ▁ bhāradvāj a ▁a ll aṃ ▁ kaṭṭh aṃ ▁sa s n e haṃ ▁udak e ▁nikkhitt aṃ
PA_mn_100:14.3	Atha puriso āgaccheyya uttarāraṇiṁ ādāya:	▁atha ▁puriso ▁ ā gacch eyya ▁uttar ā ra ṇ iṃ ▁ādāya
PA_mn_100:14.4	‘aggiṁ abhinibbattessāmi, tejo pātukarissāmī’ti.	▁aggi ṃ ▁abhi nibbatt e ssāmi ▁te j o ▁pātu kar issāmīti
PA_mn_100:14.5	Taṁ kiṁ maññasi, bhāradvāja,	▁taṃ ▁kiṃ ▁maññ asi ▁ bhāradvāj a
PA_mn_100:14.6	api nu so puriso amuṁ allaṁ kaṭṭhaṁ sasnehaṁ udake nikkhittaṁ uttarāraṇiṁ ādāya abhimanthento aggiṁ abhinibbatteyya, tejo pātukareyyā”ti?	▁api ▁nu ▁so ▁puriso ▁ amu ṃ ▁a ll aṃ ▁ kaṭṭh aṃ ▁sa s n e haṃ ▁udak e ▁nikkhitt aṃ ▁uttar ā ra ṇ iṃ ▁ādāya ▁abhi mant h ento ▁aggi ṃ ▁abhi nibbatt eyya ▁te j o ▁pātu kar eyyāti
PA_mn_100:14.7	“No hidaṁ, bho gotama.	▁no ▁hi d aṃ ▁bho ▁gotama
PA_mn_100:14.8	Taṁ kissa hetu?	▁taṃ ▁kissa ▁hetu
PA_mn_100:14.9	Aduñhi, bho gotama, allaṁ kaṭṭhaṁ sasnehaṁ, tañca pana udake nikkhittaṁ;	▁a du ñ hi ▁bho ▁gotama ▁a ll aṃ ▁ kaṭṭh aṃ ▁sa s n e haṃ ▁tañca ▁pana ▁udak e ▁nikkhitt aṃ
PA_mn_100:14.10	yāvadeva ca pana so puriso kilamathassa vighātassa bhāgī assā”ti.	▁yāva deva ▁ca ▁pana ▁so ▁puriso ▁kilam atha ssa ▁vi ghāt assa ▁ bhāg ī ▁ assāti
PA_mn_100:14.11_0	“Evameva kho, bhāradvāja, ye hi keci samaṇā vā brāhmaṇā vā kāyena ceva cittena ca	▁evameva ▁kho ▁ bhāradvāj a ▁ye ▁hi ▁keci ▁samaṇ ā ▁vā ▁brāhmaṇā ▁vā ▁kāyena ▁ceva ▁citt ena ▁ca
PA_mn_100:14.11_1	kāmehi avūpakaṭṭhā viharanti, yo ca nesaṁ kāmesu kāmacchando kāmasneho kāmamucchā	▁kām ehi ▁a v ūpa kaṭṭh ā ▁viharanti ▁yo ▁ca ▁nesaṃ ▁kām esu ▁kāmacchand o ▁kām as n e ho ▁kām amu cchā
PA_mn_100:14.11_2	kāmapipāsā kāmapariḷāho so ca ajjhattaṁ na suppahīno hoti na suppaṭippassaddho, opakkamikā	▁kām a pi pās ā ▁kām apariḷāh o ▁so ▁ca ▁ajjhattaṃ ▁na ▁su ppa hīn o ▁hoti ▁na ▁su p paṭippassaddh o ▁ o pa kkam ikā
PA_mn_100:14.11_3	cepi te bhonto samaṇabrāhmaṇā dukkhā tibbā kharā kaṭukā vedanā vedayanti, abhabbāva	▁ce pi ▁te ▁bho nt o ▁samaṇabrāhmaṇ ā ▁dukkh ā ▁ ti bb ā ▁kh a rā ▁ kaṭ uk ā ▁vedanā ▁veday anti ▁abhabb āva
PA_mn_100:14.11_4	te ñāṇāya dassanāya anuttarāya sambodhāya. No cepi te bhonto samaṇabrāhmaṇā opakkamikā	▁te ▁ñāṇ āya ▁dassan āya ▁anuttar āya ▁sam bodh āya ▁no ▁ce pi ▁te ▁bho nt o ▁samaṇabrāhmaṇ ā ▁ o pa kkam ikā
PA_mn_100:14.11_5	dukkhā tibbā kharā kaṭukā vedanā vedayanti abhabbāva te ñāṇāya dassanāya anuttarāya sambodhāya.	▁dukkh ā ▁ ti bb ā ▁kh a rā ▁ kaṭ uk ā ▁vedanā ▁veday anti ▁abhabb āva ▁te ▁ñāṇ āya ▁dassan āya ▁anuttar āya ▁sam bodh āya
PA_mn_100:14.12	Ayaṁ kho maṁ, bhāradvāja, paṭhamā upamā paṭibhāsi anacchariyā pubbe assutapubbā.	▁ayaṃ ▁kho ▁maṃ ▁ bhāradvāj a ▁paṭham ā ▁upamā ▁paṭi bhās i ▁ana cchar iyā ▁pubbe ▁a ssu ta pubb ā
PA_mn_100:15.1	Aparāpi kho maṁ, bhāradvāja, dutiyā upamā paṭibhāsi anacchariyā pubbe assutapubbā.	▁apar āpi ▁kho ▁maṃ ▁ bhāradvāj a ▁dutiy ā ▁upamā ▁paṭi bhās i ▁ana cchar iyā ▁pubbe ▁a ssu ta pubb ā
PA_mn_100:15.2	Seyyathāpi, bhāradvāja, allaṁ kaṭṭhaṁ sasnehaṁ ārakā udakā thale nikkhittaṁ.	▁seyyathāpi ▁ bhāradvāj a ▁a ll aṃ ▁ kaṭṭh aṃ ▁sa s n e haṃ ▁ār akā ▁udak ā ▁t hal e ▁nikkhitt aṃ
PA_mn_100:15.3	Atha puriso āgaccheyya uttarāraṇiṁ ādāya:	▁atha ▁puriso ▁ ā gacch eyya ▁uttar ā ra ṇ iṃ ▁ādāya
PA_mn_100:15.4	‘aggiṁ abhinibbattessāmi, tejo pātukarissāmī’ti.	▁aggi ṃ ▁abhi nibbatt e ssāmi ▁te j o ▁pātu kar issāmīti
PA_mn_100:15.5	Taṁ kiṁ maññasi, bhāradvāja,	▁taṃ ▁kiṃ ▁maññ asi ▁ bhāradvāj a
PA_mn_100:15.6	api nu so puriso amuṁ allaṁ kaṭṭhaṁ sasnehaṁ ārakā udakā thale nikkhittaṁ uttarāraṇiṁ ādāya abhimanthento aggiṁ abhinibbatteyya tejo pātukareyyā”ti?	▁api ▁nu ▁so ▁puriso ▁ amu ṃ ▁a ll aṃ ▁ kaṭṭh aṃ ▁sa s n e haṃ ▁ār akā ▁udak ā ▁t hal e ▁nikkhitt aṃ ▁uttar ā ra ṇ iṃ ▁ādāya ▁abhi mant h ento ▁aggi ṃ ▁abhi nibbatt eyya ▁te j o ▁pātu kar eyyāti
PA_mn_100:15.7	“No hidaṁ, bho gotama.	▁no ▁hi d aṃ ▁bho ▁gotama
PA_mn_100:15.8	Taṁ kissa hetu?	▁taṃ ▁kissa ▁hetu
PA_mn_100:15.9	Aduñhi, bho gotama, allaṁ kaṭṭhaṁ sasnehaṁ, kiñcāpi ārakā udakā thale nikkhittaṁ;	▁a du ñ hi ▁bho ▁gotama ▁a ll aṃ ▁ kaṭṭh aṃ ▁sa s n e haṃ ▁kiñcāpi ▁ār akā ▁udak ā ▁t hal e ▁nikkhitt aṃ
PA_mn_100:15.10_0	yāvadeva ca pana so puriso kilamathassa vighātassa bhāgī assā”ti. “Evameva kho, bhāradvāja,	▁yāva deva ▁ca ▁pana ▁so ▁puriso ▁kilam atha ssa ▁vi ghāt assa ▁ bhāg ī ▁ assāti ▁evameva ▁kho ▁ bhāradvāj a
PA_mn_100:15.10_1	ye hi keci samaṇā vā brāhmaṇā vā kāyena ceva cittena ca kāmehi vūpakaṭṭhā viharanti,	▁ye ▁hi ▁keci ▁samaṇ ā ▁vā ▁brāhmaṇā ▁vā ▁kāyena ▁ceva ▁citt ena ▁ca ▁kām ehi ▁v ūpa kaṭṭh ā ▁viharanti
PA_mn_100:15.10_2	yo ca nesaṁ kāmesu kāmacchando kāmasneho kāmamucchā kāmapipāsā kāmapariḷāho so ca	▁yo ▁ca ▁nesaṃ ▁kām esu ▁kāmacchand o ▁kām as n e ho ▁kām amu cchā ▁kām a pi pās ā ▁kām apariḷāh o ▁so ▁ca
PA_mn_100:15.10_3	ajjhattaṁ na suppahīno hoti na suppaṭippassaddho, opakkamikā cepi te bhonto samaṇabrāhmaṇā	▁ajjhattaṃ ▁na ▁su ppa hīn o ▁hoti ▁na ▁su p paṭippassaddh o ▁ o pa kkam ikā ▁ce pi ▁te ▁bho nt o ▁samaṇabrāhmaṇ ā
PA_mn_100:15.10_4	dukkhā tibbā kharā kaṭukā vedanā vedayanti, abhabbāva te ñāṇāya dassanāya anuttarāya	▁dukkh ā ▁ ti bb ā ▁kh a rā ▁ kaṭ uk ā ▁vedanā ▁veday anti ▁abhabb āva ▁te ▁ñāṇ āya ▁dassan āya ▁anuttar āya
PA_mn_100:15.10_5	sambodhāya. No cepi te bhonto samaṇabrāhmaṇā opakkamikā dukkhā tibbā kharā kaṭukā	▁sam bodh āya ▁no ▁ce pi ▁te ▁bho nt o ▁samaṇabrāhmaṇ ā ▁ o pa kkam ikā ▁dukkh ā ▁ ti bb ā ▁kh a rā ▁ kaṭ uk ā
PA_mn_100:15.10_6	vedanā vedayanti, abhabbāva te ñāṇāya dassanāya anuttarāya sambodhāya.	▁vedanā ▁veday anti ▁abhabb āva ▁te ▁ñāṇ āya ▁dassan āya ▁anuttar āya ▁sam bodh āya
PA_mn_100:15.11	Ayaṁ kho maṁ, bhāradvāja, dutiyā upamā paṭibhāsi anacchariyā pubbe assutapubbā.	▁ayaṃ ▁kho ▁maṃ ▁ bhāradvāj a ▁dutiy ā ▁upamā ▁paṭi bhās i ▁ana cchar iyā ▁pubbe ▁a ssu ta pubb ā
PA_mn_100:16.1	Aparāpi kho maṁ, bhāradvāja, tatiyā upamā paṭibhāsi anacchariyā pubbe assutapubbā.	▁apar āpi ▁kho ▁maṃ ▁ bhāradvāj a ▁tatiy ā ▁upamā ▁paṭi bhās i ▁ana cchar iyā ▁pubbe ▁a ssu ta pubb ā
PA_mn_100:16.2	Seyyathāpi, bhāradvāja, sukkhaṁ kaṭṭhaṁ koḷāpaṁ ārakā udakā thale nikkhittaṁ.	▁seyyathāpi ▁ bhāradvāj a ▁sukk haṃ ▁ kaṭṭh aṃ ▁ko ḷ ā p aṃ ▁ār akā ▁udak ā ▁t hal e ▁nikkhitt aṃ
PA_mn_100:16.3	Atha puriso āgaccheyya uttarāraṇiṁ ādāya:	▁atha ▁puriso ▁ ā gacch eyya ▁uttar ā ra ṇ iṃ ▁ādāya
PA_mn_100:16.4	‘aggiṁ abhinibbattessāmi, tejo pātukarissāmī’ti.	▁aggi ṃ ▁abhi nibbatt e ssāmi ▁te j o ▁pātu kar issāmīti
PA_mn_100:16.5	Taṁ kiṁ maññasi, bhāradvāja,	▁taṃ ▁kiṃ ▁maññ asi ▁ bhāradvāj a
PA_mn_100:16.6	api nu so puriso amuṁ sukkhaṁ kaṭṭhaṁ koḷāpaṁ ārakā udakā thale nikkhittaṁ uttarāraṇiṁ ādāya abhimanthento aggiṁ abhinibbatteyya, tejo pātukareyyā”ti?	▁api ▁nu ▁so ▁puriso ▁ amu ṃ ▁sukk haṃ ▁ kaṭṭh aṃ ▁ko ḷ ā p aṃ ▁ār akā ▁udak ā ▁t hal e ▁nikkhitt aṃ ▁uttar ā ra ṇ iṃ ▁ādāya ▁abhi mant h ento ▁aggi ṃ ▁abhi nibbatt eyya ▁te j o ▁pātu kar eyyāti
PA_mn_100:16.7	“Evaṁ, bho gotama.	▁evaṃ ▁bho ▁gotama
PA_mn_100:16.8	Taṁ kissa hetu?	▁taṃ ▁kissa ▁hetu
PA_mn_100:16.9	Aduñhi, bho gotama, sukkhaṁ kaṭṭhaṁ koḷāpaṁ, tañca pana ārakā udakā thale nikkhittan”ti.	▁a du ñ hi ▁bho ▁gotama ▁sukk haṃ ▁ kaṭṭh aṃ ▁ko ḷ ā p aṃ ▁tañca ▁pana ▁ār akā ▁udak ā ▁t hal e ▁nikkhitt anti
PA_mn_100:16.10_0	“Evameva kho, bhāradvāja, ye hi keci samaṇā vā brāhmaṇā vā kāyena ceva cittena ca	▁evameva ▁kho ▁ bhāradvāj a ▁ye ▁hi ▁keci ▁samaṇ ā ▁vā ▁brāhmaṇā ▁vā ▁kāyena ▁ceva ▁citt ena ▁ca
PA_mn_100:16.10_1	kāmehi vūpakaṭṭhā viharanti, yo ca nesaṁ kāmesu kāmacchando kāmasneho kāmamucchā	▁kām ehi ▁v ūpa kaṭṭh ā ▁viharanti ▁yo ▁ca ▁nesaṃ ▁kām esu ▁kāmacchand o ▁kām as n e ho ▁kām amu cchā
PA_mn_100:16.10_2	kāmapipāsā kāmapariḷāho so ca ajjhattaṁ suppahīno hoti suppaṭippassaddho, opakkamikā	▁kām a pi pās ā ▁kām apariḷāh o ▁so ▁ca ▁ajjhattaṃ ▁su ppa hīn o ▁hoti ▁su p paṭippassaddh o ▁ o pa kkam ikā
PA_mn_100:16.10_3	cepi te bhonto samaṇabrāhmaṇā dukkhā tibbā kharā kaṭukā vedanā vedayanti, bhabbāva	▁ce pi ▁te ▁bho nt o ▁samaṇabrāhmaṇ ā ▁dukkh ā ▁ ti bb ā ▁kh a rā ▁ kaṭ uk ā ▁vedanā ▁veday anti ▁bha bb āva
PA_mn_100:16.10_4	te ñāṇāya dassanāya anuttarāya sambodhāya. No cepi te bhonto samaṇabrāhmaṇā opakkamikā	▁te ▁ñāṇ āya ▁dassan āya ▁anuttar āya ▁sam bodh āya ▁no ▁ce pi ▁te ▁bho nt o ▁samaṇabrāhmaṇ ā ▁ o pa kkam ikā
PA_mn_100:16.10_5	dukkhā tibbā kharā kaṭukā vedanā vedayanti, bhabbāva te ñāṇāya dassanāya anuttarāya sambodhāya.	▁dukkh ā ▁ ti bb ā ▁kh a rā ▁ kaṭ uk ā ▁vedanā ▁veday anti ▁bha bb āva ▁te ▁ñāṇ āya ▁dassan āya ▁anuttar āya ▁sam bodh āya
PA_mn_100:16.11	Ayaṁ kho maṁ, bhāradvāja, tatiyā upamā paṭibhāsi anacchariyā pubbe assutapubbā.	▁ayaṃ ▁kho ▁maṃ ▁ bhāradvāj a ▁tatiy ā ▁upamā ▁paṭi bhās i ▁ana cchar iyā ▁pubbe ▁a ssu ta pubb ā
PA_mn_100:16.12	Imā kho maṁ, bhāradvāja, tisso upamā paṭibhaṁsu anacchariyā pubbe assutapubbā.	▁imā ▁kho ▁maṃ ▁ bhāradvāj a ▁tisso ▁upamā ▁paṭi bh aṃ su ▁ana cchar iyā ▁pubbe ▁a ssu ta pubb ā
PA_mn_100:17.1	Tassa mayhaṁ, bhāradvāja, etadahosi:	▁tassa ▁mayhaṃ ▁ bhāradvāj a ▁etadahosi
PA_mn_100:17.2	‘yannūnāhaṁ dantebhidantamādhāya, jivhāya tāluṁ āhacca, cetasā cittaṁ abhiniggaṇheyyaṁ abhinippīḷeyyaṁ abhisantāpeyyan’ti.	▁ yan n ūn ā haṃ ▁dant e bhi dant amā dh āya ▁jivhā ya ▁tā lu ṃ ▁āha cca ▁cetasā ▁cittaṃ ▁abhi ni g gaṇ h eyyaṃ ▁abhi ni p pīḷ eyyaṃ ▁abhi santāp eyyanti
PA_mn_100:17.3	So kho ahaṁ, bhāradvāja, dantebhidantamādhāya, jivhāya tāluṁ āhacca, cetasā cittaṁ abhiniggaṇhāmi abhinippīḷemi abhisantāpemi.	▁so ▁kho ▁ahaṃ ▁ bhāradvāj a ▁dant e bhi dant amā dh āya ▁jivhā ya ▁tā lu ṃ ▁āha cca ▁cetasā ▁cittaṃ ▁abhi ni g gaṇ h āmi ▁abhi ni p pīḷ e mi ▁abhi santāp e mi
PA_mn_100:17.4	Tassa mayhaṁ, bhāradvāja, dantebhidantamādhāya, jivhāya tāluṁ āhacca, cetasā cittaṁ abhiniggaṇhato abhinippīḷayato abhisantāpayato kacchehi sedā muccanti.	▁tassa ▁mayhaṃ ▁ bhāradvāj a ▁dant e bhi dant amā dh āya ▁jivhā ya ▁tā lu ṃ ▁āha cca ▁cetasā ▁cittaṃ ▁abhi ni g gaṇ h ato ▁abhi ni p pīḷ ayato ▁abhi santāp ayato ▁ kacch ehi ▁ se dā ▁mucc anti
PA_mn_100:17.5	Seyyathāpi, bhāradvāja, balavā puriso dubbalataraṁ purisaṁ sīse vā gahetvā khandhe vā gahetvā abhiniggaṇheyya abhinippīḷeyya abhisantāpeyya;	▁seyyathāpi ▁ bhāradvāj a ▁bal avā ▁puriso ▁ dubbal atar aṃ ▁puris aṃ ▁sīs e ▁vā ▁gahetvā ▁khandhe ▁vā ▁gahetvā ▁abhi ni g gaṇ h eyya ▁abhi ni p pīḷ eyya ▁abhi santāp eyya
PA_mn_100:17.6	evameva kho me, bhāradvāja, dantebhidantamādhāya, jivhāya tāluṁ āhacca, cetasā cittaṁ abhiniggaṇhato abhinippīḷayato abhisantāpayato kacchehi sedā muccanti.	▁evameva ▁kho ▁me ▁ bhāradvāj a ▁dant e bhi dant amā dh āya ▁jivhā ya ▁tā lu ṃ ▁āha cca ▁cetasā ▁cittaṃ ▁abhi ni g gaṇ h ato ▁abhi ni p pīḷ ayato ▁abhi santāp ayato ▁ kacch ehi ▁ se dā ▁mucc anti
PA_mn_100:17.7_0	Āraddhaṁ kho pana me, bhāradvāja, vīriyaṁ hoti asallīnaṁ, upaṭṭhitā sati asammuṭṭhā;	▁ āraddh aṃ ▁kho ▁pana ▁me ▁ bhāradvāj a ▁vīriy aṃ ▁hoti ▁a sall īnaṃ ▁upa ṭṭhit ā ▁sati ▁asam mu ṭṭh ā
PA_mn_100:17.7_1	sāraddho ca pana me kāyo hoti appaṭippassaddho, teneva dukkhappadhānena padhānābhitunnassa sato.	▁s āraddh o ▁ca ▁pana ▁me ▁kāy o ▁hoti ▁ap paṭippassaddh o ▁teneva ▁dukkh a ppadhān ena ▁padhān ābhi tu n n assa ▁sat o
PA_mn_100:18.1	Tassa mayhaṁ, bhāradvāja, etadahosi:	▁tassa ▁mayhaṃ ▁ bhāradvāj a ▁etadahosi
PA_mn_100:18.2	‘yannūnāhaṁ appāṇakaṁyeva jhānaṁ jhāyeyyan’ti.	▁ yan n ūn ā haṃ ▁app ā ṇ akaṃ yeva ▁jhānaṃ ▁jhāy eyyanti
PA_mn_100:18.3	So kho ahaṁ, bhāradvāja, mukhato ca nāsato ca assāsapassāse uparundhiṁ.	▁so ▁kho ▁ahaṃ ▁ bhāradvāj a ▁mukh ato ▁ca ▁nās ato ▁ca ▁assāsapassās e ▁upa ru n dhi ṃ
PA_mn_100:18.4	Tassa mayhaṁ, bhāradvāja, mukhato ca nāsato ca assāsapassāsesu uparuddhesu kaṇṇasotehi vātānaṁ nikkhamantānaṁ adhimatto saddo hoti.	▁tassa ▁mayhaṃ ▁ bhāradvāj a ▁mukh ato ▁ca ▁nās ato ▁ca ▁assāsapassās esu ▁upa r uddh esu ▁ka ṇṇa sot ehi ▁vā t ānaṃ ▁nikkham antānaṃ ▁adhi matt o ▁ saddo ▁hoti
PA_mn_100:18.5	Seyyathāpi nāma kammāragaggariyā dhamamānāya adhimatto saddo hoti;	▁seyyathāpi ▁nāma ▁kamm ā ra g agg a riy ā ▁dha m amān āya ▁adhi matt o ▁ saddo ▁hoti
PA_mn_100:18.6	evameva kho me, bhāradvāja, mukhato ca nāsato ca assāsapassāsesu uparuddhesu kaṇṇasotehi vātānaṁ nikkhamantānaṁ adhimatto saddo hoti.	▁evameva ▁kho ▁me ▁ bhāradvāj a ▁mukh ato ▁ca ▁nās ato ▁ca ▁assāsapassās esu ▁upa r uddh esu ▁ka ṇṇa sot ehi ▁vā t ānaṃ ▁nikkham antānaṃ ▁adhi matt o ▁ saddo ▁hoti
PA_mn_100:18.7_0	Āraddhaṁ kho pana me, bhāradvāja, vīriyaṁ hoti asallīnaṁ, upaṭṭhitā sati asammuṭṭhā;	▁ āraddh aṃ ▁kho ▁pana ▁me ▁ bhāradvāj a ▁vīriy aṃ ▁hoti ▁a sall īnaṃ ▁upa ṭṭhit ā ▁sati ▁asam mu ṭṭh ā
PA_mn_100:18.7_1	sāraddho ca pana me kāyo hoti appaṭippassaddho, teneva dukkhappadhānena padhānābhitunnassa sato.	▁s āraddh o ▁ca ▁pana ▁me ▁kāy o ▁hoti ▁ap paṭippassaddh o ▁teneva ▁dukkh a ppadhān ena ▁padhān ābhi tu n n assa ▁sat o
PA_mn_100:19.1	Tassa mayhaṁ, bhāradvāja, etadahosi:	▁tassa ▁mayhaṃ ▁ bhāradvāj a ▁etadahosi
PA_mn_100:19.2	‘yannūnāhaṁ appāṇakaṁyeva jhānaṁ jhāyeyyan’ti.	▁ yan n ūn ā haṃ ▁app ā ṇ akaṃ yeva ▁jhānaṃ ▁jhāy eyyanti
PA_mn_100:19.3	So kho ahaṁ, bhāradvāja, mukhato ca nāsato ca kaṇṇato ca assāsapassāse uparundhiṁ.	▁so ▁kho ▁ahaṃ ▁ bhāradvāj a ▁mukh ato ▁ca ▁nās ato ▁ca ▁ kaṇṇ ato ▁ca ▁assāsapassās e ▁upa ru n dhi ṃ
PA_mn_100:19.4	Tassa mayhaṁ, bhāradvāja, mukhato ca nāsato ca kaṇṇato ca assāsapassāsesu uparuddhesu adhimattā vātā muddhani ūhananti.	▁tassa ▁mayhaṃ ▁ bhāradvāj a ▁mukh ato ▁ca ▁nās ato ▁ca ▁ kaṇṇ ato ▁ca ▁assāsapassās esu ▁upa r uddh esu ▁adhi matt ā ▁vā tā ▁mu ddh ani ▁ ū han anti
PA_mn_100:19.5	Seyyathāpi, bhāradvāja, balavā puriso, tiṇhena sikharena muddhani abhimattheyya;	▁seyyathāpi ▁ bhāradvāj a ▁bal avā ▁puriso ▁tiṇ h ena ▁si k har ena ▁mu ddh ani ▁abhi m atth eyya
PA_mn_100:19.6	evameva kho me, bhāradvāja, mukhato ca nāsato ca kaṇṇato ca assāsapassāsesu uparuddhesu adhimattā vātā muddhani ūhananti.	▁evameva ▁kho ▁me ▁ bhāradvāj a ▁mukh ato ▁ca ▁nās ato ▁ca ▁ kaṇṇ ato ▁ca ▁assāsapassās esu ▁upa r uddh esu ▁adhi matt ā ▁vā tā ▁mu ddh ani ▁ ū han anti
PA_mn_100:19.7_0	Āraddhaṁ kho pana me, bhāradvāja, vīriyaṁ hoti asallīnaṁ, upaṭṭhitā sati asammuṭṭhā;	▁ āraddh aṃ ▁kho ▁pana ▁me ▁ bhāradvāj a ▁vīriy aṃ ▁hoti ▁a sall īnaṃ ▁upa ṭṭhit ā ▁sati ▁asam mu ṭṭh ā
PA_mn_100:19.7_1	sāraddho ca pana me kāyo hoti appaṭippassaddho, teneva dukkhappadhānena padhānābhitunnassa sato.	▁s āraddh o ▁ca ▁pana ▁me ▁kāy o ▁hoti ▁ap paṭippassaddh o ▁teneva ▁dukkh a ppadhān ena ▁padhān ābhi tu n n assa ▁sat o
PA_mn_100:20.1	Tassa mayhaṁ, bhāradvāja, etadahosi:	▁tassa ▁mayhaṃ ▁ bhāradvāj a ▁etadahosi
PA_mn_100:20.2	‘yannūnāhaṁ appāṇakaṁyeva jhānaṁ jhāyeyyan’ti.	▁ yan n ūn ā haṃ ▁app ā ṇ akaṃ yeva ▁jhānaṃ ▁jhāy eyyanti
PA_mn_100:20.3	So kho ahaṁ, bhāradvāja, mukhato ca nāsato ca kaṇṇato ca assāsapassāse uparundhiṁ.	▁so ▁kho ▁ahaṃ ▁ bhāradvāj a ▁mukh ato ▁ca ▁nās ato ▁ca ▁ kaṇṇ ato ▁ca ▁assāsapassās e ▁upa ru n dhi ṃ
PA_mn_100:20.4	Tassa mayhaṁ, bhāradvāja, mukhato ca nāsato ca kaṇṇato ca assāsapassāsesu uparuddhesu adhimattā sīse sīsavedanā honti.	▁tassa ▁mayhaṃ ▁ bhāradvāj a ▁mukh ato ▁ca ▁nās ato ▁ca ▁ kaṇṇ ato ▁ca ▁assāsapassās esu ▁upa r uddh esu ▁adhi matt ā ▁sīs e ▁sīs avedanā ▁honti
PA_mn_100:20.5	Seyyathāpi, bhāradvāja, balavā puriso daḷhena varattakkhaṇḍena sīse sīsaveṭhaṁ dadeyya;	▁seyyathāpi ▁ bhāradvāj a ▁bal avā ▁puriso ▁daḷh ena ▁var a ttak khaṇḍ ena ▁sīs e ▁sīs a veṭh aṃ ▁dad eyya
PA_mn_100:20.6	evameva kho, bhāradvāja, mukhato ca nāsato ca kaṇṇato ca assāsapassāsesu uparuddhesu adhimattā sīse sīsavedanā honti.	▁evameva ▁kho ▁ bhāradvāj a ▁mukh ato ▁ca ▁nās ato ▁ca ▁ kaṇṇ ato ▁ca ▁assāsapassās esu ▁upa r uddh esu ▁adhi matt ā ▁sīs e ▁sīs avedanā ▁honti
PA_mn_100:20.7_0	Āraddhaṁ kho pana me, bhāradvāja, vīriyaṁ hoti asallīnaṁ, upaṭṭhitā sati asammuṭṭhā;	▁ āraddh aṃ ▁kho ▁pana ▁me ▁ bhāradvāj a ▁vīriy aṃ ▁hoti ▁a sall īnaṃ ▁upa ṭṭhit ā ▁sati ▁asam mu ṭṭh ā
PA_mn_100:20.7_1	sāraddho ca pana me kāyo hoti appaṭippassaddho, teneva dukkhappadhānena padhānābhitunnassa sato.	▁s āraddh o ▁ca ▁pana ▁me ▁kāy o ▁hoti ▁ap paṭippassaddh o ▁teneva ▁dukkh a ppadhān ena ▁padhān ābhi tu n n assa ▁sat o
PA_mn_100:21.1	Tassa mayhaṁ, bhāradvāja, etadahosi:	▁tassa ▁mayhaṃ ▁ bhāradvāj a ▁etadahosi
PA_mn_100:21.2	‘yannūnāhaṁ appāṇakaṁyeva jhānaṁ jhāyeyyan’ti.	▁ yan n ūn ā haṃ ▁app ā ṇ akaṃ yeva ▁jhānaṃ ▁jhāy eyyanti
PA_mn_100:21.3	So kho ahaṁ, bhāradvāja, mukhato ca nāsato ca kaṇṇato ca assāsapassāse uparundhiṁ.	▁so ▁kho ▁ahaṃ ▁ bhāradvāj a ▁mukh ato ▁ca ▁nās ato ▁ca ▁ kaṇṇ ato ▁ca ▁assāsapassās e ▁upa ru n dhi ṃ
PA_mn_100:21.4	Tassa mayhaṁ, bhāradvāja, mukhato ca nāsato ca kaṇṇato ca assāsapassāsesu uparuddhesu adhimattā vātā kucchiṁ parikantanti.	▁tassa ▁mayhaṃ ▁ bhāradvāj a ▁mukh ato ▁ca ▁nās ato ▁ca ▁ kaṇṇ ato ▁ca ▁assāsapassās esu ▁upa r uddh esu ▁adhi matt ā ▁vā tā ▁ku cch iṃ ▁pari ka nt anti
PA_mn_100:21.5	Seyyathāpi, bhāradvāja, dakkho goghātako vā goghātakantevāsī vā tiṇhena govikantanena kucchiṁ parikanteyya;	▁seyyathāpi ▁ bhāradvāj a ▁d ak kh o ▁go ghāt ako ▁vā ▁go ghāt ak ante vās ī ▁vā ▁tiṇ h ena ▁go vik anta n ena ▁ku cch iṃ ▁pari ka nt eyya
PA_mn_100:21.6	evameva kho me, bhāradvāja, mukhato ca nāsato ca kaṇṇato ca assāsapassāsesu uparuddhesu adhimattā vātā kucchiṁ parikantanti.	▁evameva ▁kho ▁me ▁ bhāradvāj a ▁mukh ato ▁ca ▁nās ato ▁ca ▁ kaṇṇ ato ▁ca ▁assāsapassās esu ▁upa r uddh esu ▁adhi matt ā ▁vā tā ▁ku cch iṃ ▁pari ka nt anti
PA_mn_100:21.7	Āraddhaṁ kho pana me, bhāradvāja, vīriyaṁ hoti asallīnaṁ upaṭṭhitā sati asammuṭṭhā; sāraddho ca pana me kāyo hoti appaṭippassaddho, teneva dukkhappadhānena padhānābhitunnassa sato.	▁ āraddh aṃ ▁kho ▁pana ▁me ▁ bhāradvāj a ▁vīriy aṃ ▁hoti ▁a sall īnaṃ ▁upa ṭṭhit ā ▁sati ▁asam mu ṭṭh ā ▁s āraddh o ▁ca ▁pana ▁me ▁kāy o ▁hoti ▁ap paṭippassaddh o ▁teneva ▁dukkh a ppadhān ena ▁padhān ābhi tu n n assa ▁sat o
PA_mn_100:22.1	Tassa mayhaṁ, bhāradvāja, etadahosi:	▁tassa ▁mayhaṃ ▁ bhāradvāj a ▁etadahosi
PA_mn_100:22.2	‘yannūnāhaṁ appāṇakaṁyeva jhānaṁ jhāyeyyan’ti.	▁ yan n ūn ā haṃ ▁app ā ṇ akaṃ yeva ▁jhānaṃ ▁jhāy eyyanti
PA_mn_100:22.3	So kho ahaṁ, bhāradvāja, mukhato ca nāsato ca kaṇṇato ca assāsapassāse uparundhiṁ.	▁so ▁kho ▁ahaṃ ▁ bhāradvāj a ▁mukh ato ▁ca ▁nās ato ▁ca ▁ kaṇṇ ato ▁ca ▁assāsapassās e ▁upa ru n dhi ṃ
PA_mn_100:22.4	Tassa mayhaṁ, bhāradvāja, mukhato ca nāsato ca kaṇṇato ca assāsapassāsesu uparuddhesu adhimatto kāyasmiṁ ḍāho hoti.	▁tassa ▁mayhaṃ ▁ bhāradvāj a ▁mukh ato ▁ca ▁nās ato ▁ca ▁ kaṇṇ ato ▁ca ▁assāsapassās esu ▁upa r uddh esu ▁adhi matt o ▁kāy asmiṃ ▁ ḍ ā ho ▁hoti
PA_mn_100:22.5	Seyyathāpi, bhāradvāja, dve balavanto purisā dubbalataraṁ purisaṁ nānābāhāsu gahetvā aṅgārakāsuyā santāpeyyuṁ samparitāpeyyuṁ;	▁seyyathāpi ▁ bhāradvāj a ▁dve ▁balava nt o ▁puris ā ▁ dubbal atar aṃ ▁puris aṃ ▁nānā bāh āsu ▁gahetvā ▁ aṃ gār akā su yā ▁ santāp eyyuṃ ▁sampa rit ā p eyyuṃ
PA_mn_100:22.6	evameva kho me, bhāradvāja, mukhato ca nāsato ca kaṇṇato ca assāsapassāsesu uparuddhesu adhimatto kāyasmiṁ ḍāho hoti.	▁evameva ▁kho ▁me ▁ bhāradvāj a ▁mukh ato ▁ca ▁nās ato ▁ca ▁ kaṇṇ ato ▁ca ▁assāsapassās esu ▁upa r uddh esu ▁adhi matt o ▁kāy asmiṃ ▁ ḍ ā ho ▁hoti
PA_mn_100:22.7_0	Āraddhaṁ kho pana me, bhāradvāja, vīriyaṁ hoti asallīnaṁ, upaṭṭhitā sati asammuṭṭhā,	▁ āraddh aṃ ▁kho ▁pana ▁me ▁ bhāradvāj a ▁vīriy aṃ ▁hoti ▁a sall īnaṃ ▁upa ṭṭhit ā ▁sati ▁asam mu ṭṭh ā
PA_mn_100:22.7_1	sāraddho ca pana me kāyo hoti appaṭippassaddho, teneva dukkhappadhānena padhānābhitunnassa sato.	▁s āraddh o ▁ca ▁pana ▁me ▁kāy o ▁hoti ▁ap paṭippassaddh o ▁teneva ▁dukkh a ppadhān ena ▁padhān ābhi tu n n assa ▁sat o
PA_mn_100:23.1	Apissu maṁ, bhāradvāja, devatā disvā evamāhaṁsu:	▁api ssu ▁maṃ ▁ bhāradvāj a ▁devatā ▁disvā ▁evamāhaṃsu
PA_mn_100:23.2	‘kālaṅkato samaṇo gotamo’ti.	▁kālaṃ kat o ▁samaṇ o ▁gotamo ti
PA_mn_100:23.3	Ekaccā devatā evamāhaṁsu:	▁ekacc ā ▁devatā ▁evamāhaṃsu
PA_mn_100:23.4	‘na kālaṅkato samaṇo gotamo, api ca kālaṁ karotī’ti.	▁na ▁kālaṃ kat o ▁samaṇ o ▁gotamo ▁api ▁ca ▁kālaṃ ▁karotīti
PA_mn_100:23.5	Ekaccā devatā evamāhaṁsu:	▁ekacc ā ▁devatā ▁evamāhaṃsu
PA_mn_100:23.6	‘na kālaṅkato samaṇo gotamo, nāpi kālaṁ karoti;	▁na ▁kālaṃ kat o ▁samaṇ o ▁gotamo ▁nā pi ▁kālaṃ ▁karoti
PA_mn_100:23.7	arahaṁ samaṇo gotamo, vihāro tveva so arahato evarūpo hotī’ti.	▁araha ṃ ▁samaṇ o ▁gotamo ▁vihār o ▁ tveva ▁so ▁arahato ▁evarūp o ▁hotīti
PA_mn_100:24.1	Tassa mayhaṁ, bhāradvāja, etadahosi:	▁tassa ▁mayhaṃ ▁ bhāradvāj a ▁etadahosi
PA_mn_100:24.2	‘yannūnāhaṁ sabbaso āhārupacchedāya paṭipajjeyyan’ti.	▁ yan n ūn ā haṃ ▁sabbaso ▁āhār upa cched āya ▁paṭipajj eyyanti
PA_mn_100:24.3	Atha kho maṁ, bhāradvāja, devatā upasaṅkamitvā etadavocuṁ:	▁atha ▁kho ▁maṃ ▁ bhāradvāj a ▁devatā ▁upasaṃkamitvā ▁et a da vo cu ṃ
PA_mn_100:24.4	‘mā kho tvaṁ, mārisa, sabbaso āhārupacchedāya paṭipajji.	▁mā ▁kho ▁tvaṃ ▁mār i sa ▁sabbaso ▁āhār upa cched āya ▁paṭipajj i
PA_mn_100:24.5	Sace kho tvaṁ, mārisa, sabbaso āhārupacchedāya paṭipajjissasi, tassa te mayaṁ dibbaṁ ojaṁ lomakūpehi ajjhohāressāma.	▁sace ▁kho ▁tvaṃ ▁mār i sa ▁sabbaso ▁āhār upa cched āya ▁paṭipajj issasi ▁tassa ▁te ▁mayaṃ ▁dibb aṃ ▁ o j aṃ ▁ lom ak ū p ehi ▁ajjh o hār e ssāma
PA_mn_100:24.6	Tāya tvaṁ yāpessasī’ti.	▁tāya ▁tvaṃ ▁yā pe ssa sīti
PA_mn_100:24.7	Tassa mayhaṁ, bhāradvāja, etadahosi:	▁tassa ▁mayhaṃ ▁ bhāradvāj a ▁etadahosi
PA_mn_100:24.8	‘ahañceva kho pana sabbaso ajajjitaṁ paṭijāneyyaṁ, imā ca me devatā dibbaṁ ojaṁ lomakūpehi ajjhohāreyyuṁ, tāya cāhaṁ yāpeyyaṁ.	▁ah añceva ▁kho ▁pana ▁sabbaso ▁a ja jj itaṃ ▁paṭijān eyyaṃ ▁imā ▁ca ▁me ▁devatā ▁dibb aṃ ▁ o j aṃ ▁ lom ak ū p ehi ▁ajjh o hār eyyuṃ ▁tāya ▁cā haṃ ▁yā p eyyaṃ
PA_mn_100:24.9	Taṁ mamassa musā’ti.	▁taṃ ▁mam assa ▁mu sā ti
PA_mn_100:24.10	So kho ahaṁ, bhāradvāja, tā devatā paccācikkhāmi, ‘halan’ti vadāmi.	▁so ▁kho ▁ahaṃ ▁ bhāradvāj a ▁tā ▁devatā ▁pacc ā c ikkh āmi ▁ hal anti ▁vadāmi
PA_mn_100:25.1	Tassa mayhaṁ, bhāradvāja, etadahosi:	▁tassa ▁mayhaṃ ▁ bhāradvāj a ▁etadahosi
PA_mn_100:25.2	‘yannūnāhaṁ thokaṁ thokaṁ āhāraṁ āhāreyyaṁ pasataṁ pasataṁ, yadi vā muggayūsaṁ, yadi vā kulatthayūsaṁ, yadi vā kaḷāyayūsaṁ, yadi vā hareṇukayūsan’ti.	▁ yan n ūn ā haṃ ▁thok aṃ ▁thok aṃ ▁āhār aṃ ▁āhār eyyaṃ ▁pa sat aṃ ▁pa sat aṃ ▁yadi ▁vā ▁ mugg a y ū saṃ ▁yadi ▁vā ▁kul attha y ū saṃ ▁yadi ▁vā ▁ka ḷ āya y ū saṃ ▁yadi ▁vā ▁har e ṇu ka y ū santi
PA_mn_100:25.3	So kho ahaṁ, bhāradvāja, thokaṁ thokaṁ āhāraṁ āhāresiṁ pasataṁ pasataṁ, yadi vā muggayūsaṁ, yadi vā kulatthayūsaṁ, yadi vā kaḷāyayūsaṁ, yadi vā hareṇukayūsaṁ.	▁so ▁kho ▁ahaṃ ▁ bhāradvāj a ▁thok aṃ ▁thok aṃ ▁āhār aṃ ▁āhār esi ṃ ▁pa sat aṃ ▁pa sat aṃ ▁yadi ▁vā ▁ mugg a y ū saṃ ▁yadi ▁vā ▁kul attha y ū saṃ ▁yadi ▁vā ▁ka ḷ āya y ū saṃ ▁yadi ▁vā ▁har e ṇu ka y ū saṃ
PA_mn_100:25.4_0	Tassa mayhaṁ, bhāradvāja, thokaṁ thokaṁ āhāraṁ āhārayato pasataṁ pasataṁ, yadi vā	▁tassa ▁mayhaṃ ▁ bhāradvāj a ▁thok aṃ ▁thok aṃ ▁āhār aṃ ▁āhār ayato ▁pa sat aṃ ▁pa sat aṃ ▁yadi ▁vā
PA_mn_100:25.4_1	muggayūsaṁ, yadi vā kulatthayūsaṁ, yadi vā kaḷāyayūsaṁ, yadi vā hareṇukayūsaṁ, adhimattakasimānaṁ patto kāyo hoti.	▁ mugg a y ū saṃ ▁yadi ▁vā ▁kul attha y ū saṃ ▁yadi ▁vā ▁ka ḷ āya y ū saṃ ▁yadi ▁vā ▁har e ṇu ka y ū saṃ ▁adhi matt aka si mān aṃ ▁patt o ▁kāy o ▁hoti
PA_mn_100:25.5	Seyyathāpi nāma āsītikapabbāni vā kāḷapabbāni vā; evamevassu me aṅgapaccaṅgāni bhavanti tāyevappāhāratāya.	▁seyyathāpi ▁nāma ▁ ā sīti k apa bb āni ▁vā ▁kāḷ apa bb āni ▁vā ▁evameva ssu ▁me ▁aṃg a pacc aṃ g āni ▁bhav anti ▁tā yeva pp ā hār atāya
PA_mn_100:25.6	Seyyathāpi nāma oṭṭhapadaṁ; evamevassu me ānisadaṁ hoti tāyevappāhāratāya;	▁seyyathāpi ▁nāma ▁ o ṭṭh apad aṃ ▁evameva ssu ▁me ▁ āni sa d aṃ ▁hoti ▁tā yeva pp ā hār atāya
PA_mn_100:25.7	seyyathāpi nāma vaṭṭanāvaḷī; evamevassu me piṭṭhikaṇṭako uṇṇatāvanato hoti tāyevappāhāratāya.	▁seyyathāpi ▁nāma ▁vaṭṭ anā va ḷ ī ▁evameva ssu ▁me ▁piṭṭhi kaṇṭak o ▁u ṇṇa tā van ato ▁hoti ▁tā yeva pp ā hār atāya
PA_mn_100:25.8	Seyyathāpi nāma jarasālāya gopānasiyo oluggaviluggā bhavanti; evamevassu me phāsuḷiyo oluggaviluggā bhavanti tāyevappāhāratāya.	▁seyyathāpi ▁nāma ▁jar asālā ya ▁go pān asi yo ▁ o l ugga vi lu gg ā ▁bhav anti ▁evameva ssu ▁me ▁phāsu ḷ iyo ▁ o l ugga vi lu gg ā ▁bhav anti ▁tā yeva pp ā hār atāya
PA_mn_100:25.9	Seyyathāpi nāma gambhīre udapāne udakatārakā gambhīragatā okkhāyikā dissanti; evamevassu me akkhikūpesu akkhitārakā gambhīragatā okkhāyikā dissanti tāyevappāhāratāya.	▁seyyathāpi ▁nāma ▁gambhīr e ▁ud a pān e ▁udak atā ra kā ▁gambhīr a gat ā ▁ o kkhā y ikā ▁d issanti ▁evameva ssu ▁me ▁akkh i k ū p esu ▁akkh itā ra kā ▁gambhīr a gat ā ▁ o kkhā y ikā ▁d issanti ▁tā yeva pp ā hār atāya
PA_mn_100:25.10	Seyyathāpi nāma tittakālābu āmakacchinno vātātapena samphuṭito hoti sammilāto; evamevassu me sīsacchavi samphuṭitā hoti sammilātā tāyevappāhāratāya.	▁seyyathāpi ▁nāma ▁ ti tt akāl ā b u ▁āma ka cchinn o ▁vā tā tap ena ▁sam p hu ṭ ito ▁hoti ▁sam mi lā to ▁evameva ssu ▁me ▁sīs a cch avi ▁sam p hu ṭ itā ▁hoti ▁sam mi lā tā ▁tā yeva pp ā hār atāya
PA_mn_100:25.11_0	So kho ahaṁ, bhāradvāja, ‘udaracchaviṁ parimasissāmī’ti piṭṭhikaṇṭakaṁyeva pariggaṇhāmi,	▁so ▁kho ▁ahaṃ ▁ bhāradvāj a ▁ud a ra cch avi ṃ ▁pari mas issāmīti ▁piṭṭhi kaṇṭak aṃ yeva ▁pariggaṇh āmi
PA_mn_100:25.11_1	‘piṭṭhikaṇṭakaṁ parimasissāmī’ti udaracchaviṁyeva pariggaṇhāmi; yāvassu me, bhāradvāja,	▁piṭṭhi kaṇṭak aṃ ▁pari mas issāmīti ▁ud a ra cch avi ṃ yeva ▁pariggaṇh āmi ▁yāva ssu ▁me ▁ bhāradvāj a
PA_mn_100:25.11_2	udaracchavi piṭṭhikaṇṭakaṁ allīnā hoti tāyevappāhāratāya.	▁ud a ra cch avi ▁piṭṭhi kaṇṭak aṃ ▁a ll ī nā ▁hoti ▁tā yeva pp ā hār atāya
PA_mn_100:25.12	So kho ahaṁ, bhāradvāja, ‘vaccaṁ vā muttaṁ vā karissāmī’ti tattheva avakujjo papatāmi tāyevappāhāratāya.	▁so ▁kho ▁ahaṃ ▁ bhāradvāj a ▁va cc aṃ ▁vā ▁mutt aṃ ▁vā ▁karissāmīti ▁tattheva ▁ava ku jj o ▁pa pat āmi ▁tā yeva pp ā hār atāya
PA_mn_100:25.13_0	So kho ahaṁ, bhāradvāja, imameva kāyaṁ assāsento pāṇinā gattāni anumajjāmi. Tassa	▁so ▁kho ▁ahaṃ ▁ bhāradvāj a ▁im ameva ▁kāy aṃ ▁assās ento ▁pāṇ inā ▁gat t āni ▁anu majj āmi ▁tassa
PA_mn_100:25.13_1	mayhaṁ, bhāradvāja, pāṇinā gattāni anumajjato pūtimūlāni lomāni kāyasmā papatanti tāyevappāhāratāya.	▁mayhaṃ ▁ bhāradvāj a ▁pāṇ inā ▁gat t āni ▁anu majj ato ▁p ūti mūl āni ▁ lom āni ▁kāy asmā ▁pa pat anti ▁tā yeva pp ā hār atāya
PA_mn_100:26.1	Apissu maṁ, bhāradvāja, manussā disvā evamāhaṁsu: ‘kāḷo samaṇo gotamo’ti.	▁api ssu ▁maṃ ▁ bhāradvāj a ▁manussā ▁disvā ▁evamāhaṃsu ▁kāḷ o ▁samaṇ o ▁gotamo ti
PA_mn_100:26.2	Ekacce manussā evamāhaṁsu: ‘na kāḷo samaṇo gotamo, sāmo samaṇo gotamo’ti.	▁ekacc e ▁manussā ▁evamāhaṃsu ▁na ▁kāḷ o ▁samaṇ o ▁gotamo ▁sām o ▁samaṇ o ▁gotamo ti
PA_mn_100:26.3	Ekacce manussā evamāhaṁsu: ‘na kāḷo samaṇo gotamo napi sāmo, maṅguracchavi samaṇo gotamo’ti;	▁ekacc e ▁manussā ▁evamāhaṃsu ▁na ▁kāḷ o ▁samaṇ o ▁gotamo ▁na pi ▁sām o ▁maṃ gu ra cch avi ▁samaṇ o ▁gotamo ti
PA_mn_100:26.4	yāvassu me, bhāradvāja, tāva parisuddho chavivaṇṇo pariyodāto upahato hoti tāyevappāhāratāya.	▁yāva ssu ▁me ▁ bhāradvāj a ▁tāva ▁parisuddh o ▁cha vi vaṇṇ o ▁pari yo dā to ▁upa h ato ▁hoti ▁tā yeva pp ā hār atāya
PA_mn_100:27.1	Tassa mayhaṁ, bhāradvāja, etadahosi:	▁tassa ▁mayhaṃ ▁ bhāradvāj a ▁etadahosi
PA_mn_100:27.2	‘ye kho keci atītamaddhānaṁ samaṇā vā brāhmaṇā vā opakkamikā dukkhā tibbā kharā kaṭukā vedanā vedayiṁsu, etāvaparamaṁ, nayito bhiyyo;	▁ye ▁kho ▁keci ▁atīt ama ddh ānaṃ ▁samaṇ ā ▁vā ▁brāhmaṇā ▁vā ▁ o pa kkam ikā ▁dukkh ā ▁ ti bb ā ▁kh a rā ▁ kaṭ uk ā ▁vedanā ▁veday iṃsu ▁et āva param aṃ ▁na y ito ▁bhiyyo
PA_mn_100:27.3	yepi hi keci anāgatamaddhānaṁ samaṇā vā brāhmaṇā vā opakkamikā dukkhā tibbā kharā kaṭukā vedanā vedayissanti, etāvaparamaṁ, nayito bhiyyo;	▁ye pi ▁hi ▁keci ▁anāgat ama ddh ānaṃ ▁samaṇ ā ▁vā ▁brāhmaṇā ▁vā ▁ o pa kkam ikā ▁dukkh ā ▁ ti bb ā ▁kh a rā ▁ kaṭ uk ā ▁vedanā ▁veday issanti ▁et āva param aṃ ▁na y ito ▁bhiyyo
PA_mn_100:27.4	yepi hi keci etarahi samaṇā vā brāhmaṇā vā opakkamikā dukkhā tibbā kharā kaṭukā vedanā vedayanti, etāvaparamaṁ, nayito bhiyyo.	▁ye pi ▁hi ▁keci ▁etarahi ▁samaṇ ā ▁vā ▁brāhmaṇā ▁vā ▁ o pa kkam ikā ▁dukkh ā ▁ ti bb ā ▁kh a rā ▁ kaṭ uk ā ▁vedanā ▁veday anti ▁et āva param aṃ ▁na y ito ▁bhiyyo
PA_mn_100:27.5	Na kho panāhaṁ imāya kaṭukāya dukkarakārikāya adhigacchāmi uttari manussadhammā alamariyañāṇadassanavisesaṁ.	▁na ▁kho ▁panā haṃ ▁imāya ▁ kaṭ uk āya ▁dukkar a kār ikāya ▁adhi gacch āmi ▁uttari ▁manuss adhammā ▁ala ma riy añāṇ adassan avises aṃ
PA_mn_100:27.6	Siyā nu kho añño maggo bodhāyā’ti?	▁siyā ▁nu ▁kho ▁añño ▁maggo ▁ bodh āyāti
PA_mn_100:28.1	Tassa mayhaṁ, bhāradvāja, etadahosi:	▁tassa ▁mayhaṃ ▁ bhāradvāj a ▁etadahosi
PA_mn_100:28.2_0	‘abhijānāmi kho panāhaṁ pitu sakkassa kammante sītāya jambucchāyāya nisinno vivicceva	▁abhi jān āmi ▁kho ▁panā haṃ ▁pitu ▁sakka ssa ▁kamm ante ▁sīt āya ▁ja mbu cchā y āya ▁nisinno ▁vivicceva
PA_mn_100:28.2_1	kāmehi vivicca akusalehi dhammehi savitakkaṁ savicāraṁ vivekajaṁ pītisukhaṁ paṭhamaṁ	▁kām ehi ▁vi vi cca ▁akusal ehi ▁dhammehi ▁sa vitakk aṃ ▁sa vicār aṃ ▁vivek a j aṃ ▁pīti sukh aṃ ▁paṭhamaṃ
PA_mn_100:28.2_2	jhānaṁ upasampajja viharitā.	▁jhānaṃ ▁upasampajja ▁vi har itā
PA_mn_100:28.3	Siyā nu kho eso maggo bodhāyā’ti?	▁siyā ▁nu ▁kho ▁eso ▁maggo ▁ bodh āyāti
PA_mn_100:28.4	Tassa mayhaṁ, bhāradvāja, satānusāri viññāṇaṁ ahosi:	▁tassa ▁mayhaṃ ▁ bhāradvāj a ▁sat ānu sār i ▁viññāṇaṃ ▁ahosi
PA_mn_100:28.5	‘eseva maggo bodhāyā’ti.	▁eseva ▁maggo ▁ bodh āyāti
PA_mn_100:29.1	Tassa mayhaṁ, bhāradvāja, etadahosi:	▁tassa ▁mayhaṃ ▁ bhāradvāj a ▁etadahosi
PA_mn_100:29.2	‘kiṁ nu kho ahaṁ tassa sukhassa bhāyāmi yaṁ taṁ sukhaṁ aññatreva kāmehi aññatra akusalehi dhammehī’ti?	▁kiṃ ▁nu ▁kho ▁ahaṃ ▁tassa ▁sukh assa ▁bhāy āmi ▁yaṃ ▁taṃ ▁sukhaṃ ▁aññ at re va ▁kām ehi ▁aññatra ▁akusal ehi ▁dhamm ehīti
PA_mn_100:29.3	Tassa mayhaṁ, bhāradvāja, etadahosi:	▁tassa ▁mayhaṃ ▁ bhāradvāj a ▁etadahosi
PA_mn_100:29.4	‘na kho ahaṁ tassa sukhassa bhāyāmi yaṁ taṁ sukhaṁ aññatreva kāmehi aññatra akusalehi dhammehī’ti.	▁na ▁kho ▁ahaṃ ▁tassa ▁sukh assa ▁bhāy āmi ▁yaṃ ▁taṃ ▁sukhaṃ ▁aññ at re va ▁kām ehi ▁aññatra ▁akusal ehi ▁dhamm ehīti
PA_mn_100:30.1	Tassa mayhaṁ, bhāradvāja, etadahosi:	▁tassa ▁mayhaṃ ▁ bhāradvāj a ▁etadahosi
PA_mn_100:30.2	‘na kho taṁ sukaraṁ sukhaṁ adhigantuṁ evaṁ adhimattakasimānaṁ pattakāyena.	▁na ▁kho ▁taṃ ▁su kar aṃ ▁sukhaṃ ▁adhi gantu ṃ ▁evaṃ ▁adhi matt aka si mān aṃ ▁patt akāy ena
PA_mn_100:30.3	Yannūnāhaṁ oḷārikaṁ āhāraṁ āhāreyyaṁ odanakummāsan’ti.	▁ yan n ūn ā haṃ ▁oḷārik aṃ ▁āhār aṃ ▁āhār eyyaṃ ▁ o dan ak um mās anti
PA_mn_100:30.4	So kho ahaṁ, bhāradvāja, oḷārikaṁ āhāraṁ āhāresiṁ odanakummāsaṁ.	▁so ▁kho ▁ahaṃ ▁ bhāradvāj a ▁oḷārik aṃ ▁āhār aṃ ▁āhār esi ṃ ▁ o dan ak um mās aṃ
PA_mn_100:30.5	Tena kho pana maṁ, bhāradvāja, samayena pañcavaggiyā bhikkhū paccupaṭṭhitā honti:	▁tena ▁kho ▁pana ▁maṃ ▁ bhāradvāj a ▁samayena ▁pañca vagg iyā ▁bhikkhū ▁pacc upaṭṭh itā ▁honti
PA_mn_100:30.6	‘yaṁ kho samaṇo gotamo dhammaṁ adhigamissati taṁ no ārocessatī’ti.	▁yaṃ ▁kho ▁samaṇ o ▁gotamo ▁dhammaṃ ▁adhigam issati ▁taṃ ▁no ▁āroc e ssatīti
PA_mn_100:30.7	Yato kho ahaṁ, bhāradvāja, oḷārikaṁ āhāraṁ āhāresiṁ odanakummāsaṁ, atha me te pañcavaggiyā bhikkhū nibbijja pakkamiṁsu:	▁yato ▁kho ▁ahaṃ ▁ bhāradvāj a ▁oḷārik aṃ ▁āhār aṃ ▁āhār esi ṃ ▁ o dan ak um mās aṃ ▁atha ▁me ▁te ▁pañca vagg iyā ▁bhikkhū ▁nibb i jja ▁pakkam iṃsu
PA_mn_100:30.8	‘bāhulliko samaṇo gotamo padhānavibbhanto āvatto bāhullāyā’ti.	▁ bāh u ll iko ▁samaṇ o ▁gotamo ▁padhān avi bbh anto ▁ āva tt o ▁ bāh u ll āyāti
PA_mn_100:31-33.1	So kho ahaṁ, bhāradvāja, oḷārikaṁ āhāraṁ āhāretvā balaṁ gahetvā vivicceva kāmehi …pe… paṭhamaṁ jhānaṁ upasampajja vihāsiṁ.	▁so ▁kho ▁ahaṃ ▁ bhāradvāj a ▁oḷārik aṃ ▁āhār aṃ ▁āhār etvā ▁bal aṃ ▁gahetvā ▁vivicceva ▁kām ehi ▁pe ▁paṭhamaṃ ▁jhānaṃ ▁upasampajja ▁vi hās iṃ
PA_mn_100:31-33.2	Vitakkavicārānaṁ vūpasamā ajjhattaṁ sampasādanaṁ cetaso ekodibhāvaṁ avitakkaṁ avicāraṁ samādhijaṁ pītisukhaṁ dutiyaṁ jhānaṁ …	▁vitakkavicār ānaṃ ▁vūpasam ā ▁ajjhattaṃ ▁sam pasād anaṃ ▁cetaso ▁eko di bhāv aṃ ▁a vitakk aṃ ▁a vicār aṃ ▁samādhi j aṃ ▁pīti sukh aṃ ▁dutiy aṃ ▁jhānaṃ
PA_mn_100:31-33.3	tatiyaṁ jhānaṁ …	▁tatiy aṃ ▁jhānaṃ
PA_mn_100:31-33.4	catutthaṁ jhānaṁ upasampajja vihāsiṁ.	▁catutth aṃ ▁jhānaṃ ▁upasampajja ▁vi hās iṃ
PA_mn_100:34.1	So evaṁ samāhite citte parisuddhe pariyodāte anaṅgaṇe vigatūpakkilese mudubhūte kammaniye ṭhite āneñjappatte pubbenivāsānussatiñāṇāya cittaṁ abhininnāmesiṁ.	▁so ▁evaṃ ▁samāhit e ▁citt e ▁parisuddh e ▁pari yo dā te ▁ anaṃ gaṇ e ▁vigat ūpa k kiles e ▁mudu bhūt e ▁kamm aniy e ▁ṭhit e ▁ ān e ñja ppatt e ▁pubbenivās ā nussati ñāṇ āya ▁cittaṃ ▁abhi ninn ā m esi ṃ
PA_mn_100:34.2	So anekavihitaṁ pubbenivāsaṁ anussarāmi, seyyathidaṁ—ekampi jātiṁ dvepi jātiyo …pe… iti sākāraṁ sauddesaṁ anekavihitaṁ pubbenivāsaṁ anussarāmi.	▁so ▁aneka vihit aṃ ▁pubbenivās aṃ ▁anussar āmi ▁seyyathidaṃ e kampi ▁jāti ṃ ▁dve pi ▁jāti yo ▁pe ▁iti ▁sā kār aṃ ▁sa uddes aṃ ▁aneka vihit aṃ ▁pubbenivās aṃ ▁anussar āmi
PA_mn_100:35.1	Ayaṁ kho me, bhāradvāja, rattiyā paṭhame yāme paṭhamā vijjā adhigatā,	▁ayaṃ ▁kho ▁me ▁ bhāradvāj a ▁ratti yā ▁paṭham e ▁yā me ▁paṭham ā ▁vijjā ▁adhigat ā
PA_mn_100:35.2	avijjā vihatā, vijjā uppannā; tamo vihato, āloko uppanno; yathā taṁ appamattassa ātāpino pahitattassa viharato.	▁avijjā ▁vi ha tā ▁vijjā ▁uppann ā ▁tam o ▁vi h ato ▁ālok o ▁uppann o ▁yathā ▁taṃ ▁appamatt assa ▁ātāp ino ▁pa hita tt assa ▁viharat o
PA_mn_100:36-38.1	So evaṁ samāhite citte parisuddhe pariyodāte anaṅgaṇe vigatūpakkilese mudubhūte kammaniye ṭhite āneñjappatte sattānaṁ cutūpapātañāṇāya cittaṁ abhininnāmesiṁ.	▁so ▁evaṃ ▁samāhit e ▁citt e ▁parisuddh e ▁pari yo dā te ▁ anaṃ gaṇ e ▁vigat ūpa k kiles e ▁mudu bhūt e ▁kamm aniy e ▁ṭhit e ▁ ān e ñja ppatt e ▁sattānaṃ ▁cut ūpa pāt añāṇ āya ▁cittaṃ ▁abhi ninn ā m esi ṃ
PA_mn_100:36-38.2	So dibbena cakkhunā visuddhena atikkantamānusakena satte passāmi cavamāne upapajjamāne hīne paṇīte suvaṇṇe dubbaṇṇe sugate duggate yathākammūpage satte pajānāmi …pe…	▁so ▁dibb ena ▁cakkhunā ▁ visuddh ena ▁ atikkant amān u sak ena ▁satt e ▁pa ssāmi ▁ca va mān e ▁upapajj amān e ▁hīn e ▁paṇīt e ▁su vaṇṇ e ▁du bb a ṇ ṇ e ▁sugat e ▁du ggat e ▁yathā kamm ūpag e ▁satt e ▁pajān āmi ▁pe
PA_mn_100:36-38.3	ayaṁ kho me, bhāradvāja, rattiyā majjhime yāme dutiyā	▁ayaṃ ▁kho ▁me ▁ bhāradvāj a ▁ratti yā ▁majjhim e ▁yā me ▁dutiy ā
PA_mn_100:36-38.4	vijjā adhigatā, avijjā vihatā, vijjā uppannā; tamo vihato, āloko uppanno; yathā taṁ appamattassa ātāpino pahitattassa viharato.	▁vijjā ▁adhigat ā ▁avijjā ▁vi ha tā ▁vijjā ▁uppann ā ▁tam o ▁vi h ato ▁ālok o ▁uppann o ▁yathā ▁taṃ ▁appamatt assa ▁ātāp ino ▁pa hita tt assa ▁viharat o
PA_mn_100:39.1	So evaṁ samāhite citte parisuddhe pariyodāte anaṅgaṇe vigatūpakkilese mudubhūte kammaniye ṭhite āneñjappatte āsavānaṁ khayañāṇāya cittaṁ abhininnāmesiṁ.	▁so ▁evaṃ ▁samāhit e ▁citt e ▁parisuddh e ▁pari yo dā te ▁ anaṃ gaṇ e ▁vigat ūpa k kiles e ▁mudu bhūt e ▁kamm aniy e ▁ṭhit e ▁ ān e ñja ppatt e ▁āsav ānaṃ ▁khay añāṇ āya ▁cittaṃ ▁abhi ninn ā m esi ṃ
PA_mn_100:39.2_0	So ‘idaṁ dukkhan’ti yathābhūtaṁ abbhaññāsiṁ, ‘ayaṁ dukkhasamudayo’ti yathābhūtaṁ	▁so ▁idaṃ ▁dukkh anti ▁yathābhūtaṃ ▁abbh a ññā si ṃ ▁ayaṃ ▁dukkhasamuday oti ▁yathābhūtaṃ
PA_mn_100:39.2_1	abbhaññāsiṁ, ‘ayaṁ dukkhanirodho’ti yathābhūtaṁ abbhaññāsiṁ, ‘ayaṁ dukkhanirodhagāminī	▁abbh a ññā si ṃ ▁ayaṃ ▁dukkh anirodh oti ▁yathābhūtaṃ ▁abbh a ññā si ṃ ▁ayaṃ ▁dukkh anirodh agām inī
PA_mn_100:39.2_2	paṭipadā’ti yathābhūtaṁ abbhaññāsiṁ;	▁paṭipadā ti ▁yathābhūtaṃ ▁abbh a ññā si ṃ
PA_mn_100:39.3_0	‘ime āsavā’ti yathābhūtaṁ abbhaññāsiṁ, ‘ayaṁ āsavasamudayo’ti yathābhūtaṁ abbhaññāsiṁ,	▁ime ▁āsav āti ▁yathābhūtaṃ ▁abbh a ññā si ṃ ▁ayaṃ ▁āsav a samuday oti ▁yathābhūtaṃ ▁abbh a ññā si ṃ
PA_mn_100:39.3_1	‘ayaṁ āsavanirodho’ti yathābhūtaṁ abbhaññāsiṁ, ‘ayaṁ āsavanirodhagāminī paṭipadā’ti	▁ayaṃ ▁āsav anirodh oti ▁yathābhūtaṃ ▁abbh a ññā si ṃ ▁ayaṃ ▁āsav anirodh agām inī ▁paṭipadā ti
PA_mn_100:39.3_2	yathābhūtaṁ abbhaññāsiṁ.	▁yathābhūtaṃ ▁abbh a ññā si ṃ
PA_mn_100:40.1	Tassa me evaṁ jānato evaṁ passato kāmāsavāpi cittaṁ vimuccittha, bhavāsavāpi cittaṁ vimuccittha, avijjāsavāpi cittaṁ vimuccittha.	▁tassa ▁me ▁evaṃ ▁jān ato ▁evaṃ ▁pass ato ▁kām āsav āpi ▁cittaṃ ▁vimucc ittha ▁bhav āsav āpi ▁cittaṃ ▁vimucc ittha ▁avijjā sa vā pi ▁cittaṃ ▁vimucc ittha
PA_mn_100:40.2	Vimuttasmiṁ vimuttamiti ñāṇaṁ ahosi.	▁vimutt asmiṃ ▁vimutt a mi ti ▁ñāṇaṃ ▁ahosi
PA_mn_100:40.3	‘Khīṇā jāti, vusitaṁ brahmacariyaṁ, kataṁ karaṇīyaṁ, nāparaṁ itthattāyā’ti abbhaññāsiṁ.	▁khīṇā ▁jāti ▁ vu s itaṃ ▁brahmacariyaṃ ▁kataṃ ▁ karaṇīy aṃ ▁nā par aṃ ▁itth attā yāti ▁abbh a ññā si ṃ
PA_mn_100:41.1	Ayaṁ kho me, bhāradvāja, rattiyā pacchime yāme tatiyā	▁ayaṃ ▁kho ▁me ▁ bhāradvāj a ▁ratti yā ▁pacchim e ▁yā me ▁tatiy ā
PA_mn_100:41.2	vijjā adhigatā, avijjā vihatā, vijjā uppannā; tamo vihato, āloko uppanno; yathā taṁ appamattassa ātāpino pahitattassa viharato”ti.	▁vijjā ▁adhigat ā ▁avijjā ▁vi ha tā ▁vijjā ▁uppann ā ▁tam o ▁vi h ato ▁ālok o ▁uppann o ▁yathā ▁taṃ ▁appamatt assa ▁ātāp ino ▁pa hita tt assa ▁viharat oti
PA_mn_100:42.1	Evaṁ vutte, saṅgāravo māṇavo bhagavantaṁ etadavoca:	▁evaṃ ▁vutte ▁saṃ gārav o ▁ māṇav o ▁bhagavantaṃ ▁etadavoca
PA_mn_100:42.2	“aṭṭhitavataṁ bhoto gotamassa padhānaṁ ahosi, sappurisavataṁ bhoto gotamassa padhānaṁ ahosi;	▁a ṭṭhit avat aṃ ▁bho to ▁gotama ssa ▁padhān aṃ ▁ahosi ▁sappuris avat aṃ ▁bho to ▁gotama ssa ▁padhān aṃ ▁ahosi
PA_mn_100:42.3	yathā taṁ arahato sammāsambuddhassa.	▁yathā ▁taṃ ▁arahato ▁sammāsambuddh assa
PA_mn_100:42.4	Kiṁ nu kho, bho gotama, atthi devā”ti?	▁kiṃ ▁nu ▁kho ▁bho ▁gotama ▁atthi ▁dev āti
PA_mn_100:42.5	“Ṭhānaso metaṁ, bhāradvāja, viditaṁ yadidaṁ—	▁ṭhān as o ▁me taṃ ▁ bhāradvāj a ▁vidit aṃ ▁yadidaṃ
PA_mn_100:42.6	adhidevā”ti.	▁adhi dev āti
PA_mn_100:42.7	“Kiṁ nu kho, bho gotama, ‘atthi devā’ti puṭṭho samāno ‘ṭhānaso metaṁ, bhāradvāja, viditaṁ yadidaṁ adhidevā’ti vadesi.	▁kiṃ ▁nu ▁kho ▁bho ▁gotama ▁atthi ▁dev āti ▁ pu ṭṭh o ▁samān o ▁ṭhān as o ▁me taṃ ▁ bhāradvāj a ▁vidit aṃ ▁yadidaṃ ▁adhi dev āti ▁vad esi
PA_mn_100:42.8	Nanu, bho gotama, evaṁ sante tucchā musā hotī”ti?	▁nanu ▁bho ▁gotama ▁evaṃ ▁sant e ▁tu cchā ▁mu sā ▁hotīti
PA_mn_100:42.9	“‘Atthi devā’ti, bhāradvāja, puṭṭho samāno ‘atthi devā’ti yo vadeyya, ‘ṭhānaso me viditā’ti yo vadeyya;	▁atthi ▁dev āti ▁ bhāradvāj a ▁ pu ṭṭh o ▁samān o ▁atthi ▁dev āti ▁yo ▁vadeyya ▁ṭhān as o ▁me ▁vidit āti ▁yo ▁vadeyya
PA_mn_100:42.10	atha khvettha viññunā purisena ekaṁsena niṭṭhaṁ gantabbaṁ yadidaṁ:	▁atha ▁kh v ettha ▁viññu nā ▁puris ena ▁ekaṃ s ena ▁ niṭṭh aṃ ▁gantabb aṃ ▁yadidaṃ
PA_mn_100:42.11	‘atthi devā’”ti.	▁atthi ▁dev āti
PA_mn_100:42.12	“Kissa pana me bhavaṁ gotamo ādikeneva na byākāsī”ti?	▁kissa ▁pana ▁me ▁bhav aṃ ▁gotamo ▁ādi k eneva ▁na ▁byā kā sīti
PA_mn_100:42.13	“Uccena sammataṁ kho etaṁ, bhāradvāja, lokasmiṁ yadidaṁ:	▁ucc ena ▁sammat aṃ ▁kho ▁etaṃ ▁ bhāradvāj a ▁lok asmiṃ ▁yadidaṃ
PA_mn_100:42.14	‘atthi devā’”ti.	▁atthi ▁dev āti
PA_mn_100:43.1	Evaṁ vutte, saṅgāravo māṇavo bhagavantaṁ etadavoca:	▁evaṃ ▁vutte ▁saṃ gārav o ▁ māṇav o ▁bhagavantaṃ ▁etadavoca
PA_mn_100:43.2	“abhikkantaṁ, bho gotama, abhikkantaṁ, bho gotama.	▁abhikkant aṃ ▁bho ▁gotama ▁abhikkant aṃ ▁bho ▁gotama
PA_mn_100:43.3_0	Seyyathāpi, bho gotama, nikkujjitaṁ vā ukkujjeyya, paṭicchannaṁ vā vivareyya, mūḷhassa	▁seyyathāpi ▁bho ▁gotama ▁ni kk u jj itaṃ ▁vā ▁ uk ku jj eyya ▁ paṭicchann aṃ ▁vā ▁vivar eyya ▁ mūḷh assa
PA_mn_100:43.3_1	vā maggaṁ ācikkheyya, andhakāre vā telapajjotaṁ dhāreyya: ‘cakkhumanto rūpāni dakkhantī’ti;	▁vā ▁maggaṃ ▁āc ikkh eyya ▁a ndhakār e ▁vā ▁te la pajjot aṃ ▁dhār eyya ▁cakkhu mant o ▁rūp āni ▁d ak kh antīti
PA_mn_100:43.3_2	evamevaṁ bhotā gotamena anekapariyāyena dhammo pakāsito.	▁evameva ṃ ▁bho tā ▁go tam ena ▁aneka pariyāy ena ▁dhammo ▁pakās ito
PA_mn_100:43.4	Esāhaṁ bhavantaṁ gotamaṁ saraṇaṁ gacchāmi dhammañca bhikkhusaṅghañca.	▁esā haṃ ▁bhavant aṃ ▁gotama ṃ ▁saraṇ aṃ ▁gacch āmi ▁dhamm añca ▁bhikkhusaṃgh añca
PA_mn_100:43.5	Upāsakaṁ maṁ bhavaṁ gotamo dhāretu ajjatagge pāṇupetaṁ saraṇaṁ gatan”ti.	▁upāsaka ṃ ▁maṃ ▁bhav aṃ ▁gotamo ▁dhār e tu ▁ajja t agg e ▁pāṇ up e taṃ ▁saraṇ aṃ ▁gat anti
PA_mn_100:43.6	Saṅgāravasuttaṁ niṭṭhitaṁ dasamaṁ.	▁saṃ gārav asuttaṃ ▁niṭṭhitaṃ ▁dasa maṃ
PA_mn_100:43.7	Brāhmaṇavaggo niṭṭhito pañcamo.	▁brāhmaṇa vagg o ▁niṭṭhito ▁pañcam o
PA_mn_100:44.0	Tassuddānaṁ	▁tassuddānaṃ
PA_mn_100:44.1	Brahmāyu selassalāyano,	▁brahm ā yu ▁sel assa l āya no
PA_mn_100:44.2	ghoṭamukho ca brāhmaṇo;	▁ gh o ṭ a mukh o ▁ca ▁brāhmaṇo
PA_mn_100:44.3	Caṅkī esu dhanañjāni,	▁ca ṃ k ī ▁ esu ▁dhan añj āni
PA_mn_100:44.4	vāseṭṭho subhagāravoti.	▁vā seṭṭh o ▁subh a gārav oti
PA_mn_100:45.0	Idaṁ vaggānamuddānaṁ	▁idaṃ ▁ vagg āna mud dānaṃ
PA_mn_100:45.1	Vaggo gahapati bhikkhu,	▁ vagg o ▁gahapati ▁bhikkhu
PA_mn_100:45.2	paribbājakanāmako;	▁pari bb ā j aka nāmak o
PA_mn_100:45.3	Rājavaggo brāhmaṇoti,	▁rāj avaggo ▁brāhmaṇo ti
PA_mn_100:45.4	pañca majjhimaāgame.	▁pañca ▁majjhim a ā gam e
PA_mn_100:45.5	Majjhimapaṇṇāsakaṁ samattaṁ.	▁majjhim a paṇṇāsa kaṃ ▁sam attaṃ
