segmentnr	original	analyzed
PA_patthana_3.2:0.1	Paṭṭhānapakaraṇa	▁ paṭṭhānapakaraṇa
PA_patthana_3.2:0.2	Dhammānuloma (1), Dukatikapaṭṭhānapāḷi (3)	▁dhamm ānulom a ▁duk ati k apaṭṭhānapāḷi
PA_patthana_3.2:0.3	3.2. Hetugocchaka, Kusalattika	▁hetu go cch aka ▁kusal attika
PA_patthana_3.2:1.0.1	Paccayacatukka	▁paccay acatukk a
PA_patthana_3.2:1.0.2	Hetu-ārammaṇa	▁hetu ārammaṇ a
PA_patthana_3.2:1.1	Sahetukaṁ kusalaṁ dhammaṁ paṭicca sahetuko kusalo dhammo uppajjati hetupaccayā.	▁sahetuk aṃ ▁kusalaṃ ▁dhammaṃ ▁paṭicca ▁sahetuk o ▁kusal o ▁dhammo ▁uppajjati ▁hetupaccayā
PA_patthana_3.2:2.1	Sahetukaṁ kusalaṁ dhammaṁ paṭicca sahetuko kusalo dhammo uppajjati ārammaṇapaccayā. (Saṅkhittaṁ.)	▁sahetuk aṃ ▁kusalaṃ ▁dhammaṃ ▁paṭicca ▁sahetuk o ▁kusal o ▁dhammo ▁uppajjati ▁ārammaṇapaccay ā ▁saṃkhittaṃ
PA_patthana_3.2:3.1_0	Hetuyā ekaṁ, ārammaṇe ekaṁ, adhipatiyā ekaṁ, anantare ekaṁ, samanantare ekaṁ, sahajāte	▁hetuyā ▁ekaṃ ▁ārammaṇe ▁ekaṃ ▁ adhipatiyā ▁ekaṃ ▁anantar e ▁ekaṃ ▁sam an antare ▁ekaṃ ▁sahajāt e
PA_patthana_3.2:3.1_1	ekaṁ, aññamaññe ekaṁ, nissaye ekaṁ, upanissaye ekaṁ, purejāte ekaṁ, āsevane ekaṁ,	▁ekaṃ ▁aññamaññ e ▁ekaṃ ▁nissay e ▁ekaṃ ▁upanissaye ▁ekaṃ ▁purejāt e ▁ekaṃ ▁āsevan e ▁ekaṃ
PA_patthana_3.2:3.1_2	kamme ekaṁ, āhāre ekaṁ …pe… avigate ekaṁ. (Saṅkhittaṁ.)	▁kamm e ▁ekaṃ ▁āhār e ▁ekaṃ ▁pe ▁avigate ▁ekaṃ ▁saṃkhittaṃ
PA_patthana_3.2:4.0	Naadhipati	▁na a dhi pati
PA_patthana_3.2:4.1	Sahetukaṁ kusalaṁ dhammaṁ paṭicca sahetuko kusalo dhammo uppajjati naadhipatipaccayā. (Saṅkhittaṁ.)	▁sahetuk aṃ ▁kusalaṃ ▁dhammaṃ ▁paṭicca ▁sahetuk o ▁kusal o ▁dhammo ▁uppajjati ▁na a dhi pati paccayā ▁saṃkhittaṃ
PA_patthana_3.2:5.1	Naadhipatiyā ekaṁ, napurejāte ekaṁ, napacchājāte ekaṁ, naāsevane ekaṁ, nakamme ekaṁ, navipāke ekaṁ, navippayutte ekaṁ. (Saṅkhittaṁ.)	▁na adhipatiyā ▁ekaṃ ▁napurejāte ▁ekaṃ ▁napacchājāte ▁ekaṃ ▁naāsevane ▁ekaṃ ▁na kamm e ▁ekaṃ ▁navipāke ▁ekaṃ ▁navippayutte ▁ekaṃ ▁saṃkhittaṃ
PA_patthana_3.2:6.1	Hetupaccayā naadhipatiyā ekaṁ. (Saṅkhittaṁ.)	▁hetupaccayā ▁na adhipatiyā ▁ekaṃ ▁saṃkhittaṃ
PA_patthana_3.2:7.1	Naadhipatipaccayā hetuyā ekaṁ. (Saṅkhittaṁ.)	▁na a dhi pati paccayā ▁hetuyā ▁ekaṃ ▁saṃkhittaṃ
PA_patthana_3.2:8.1	(Sahajātavāropi paccayavāropi nissayavāropi saṁsaṭṭhavāropi sampayuttavāropi paṭiccavārasadisā vitthāretabbā.)	▁sahajātavār opi ▁paccay avāro pi ▁nissay avāro pi ▁ saṃsaṭṭh avāro pi ▁sampayutt avāro pi ▁paṭicca vā r asadis ā ▁vitthār etabbā
PA_patthana_3.2:9.0.1	3.2.2.1.7. Pañhāvāra	▁pañhāvār a
PA_patthana_3.2:9.0.2	Paccayacatukka	▁paccay acatukk a
PA_patthana_3.2:9.0.3	Hetu-ārammaṇa	▁hetu ārammaṇ a
PA_patthana_3.2:9.1	Sahetuko kusalo dhammo sahetukassa kusalassa dhammassa hetupaccayena paccayo.	▁sahetuk o ▁kusal o ▁dhammo ▁sahetuk assa ▁kusal assa ▁dhammassa ▁hetupaccay ena ▁paccayo
PA_patthana_3.2:10.1	Sahetuko kusalo dhammo sahetukassa kusalassa dhammassa ārammaṇapaccayena paccayo. (Saṅkhittaṁ.)	▁sahetuk o ▁kusal o ▁dhammo ▁sahetuk assa ▁kusal assa ▁dhammassa ▁ārammaṇapaccay ena ▁paccayo ▁saṃkhittaṃ
PA_patthana_3.2:11.1_0	Hetuyā ekaṁ, ārammaṇe ekaṁ, adhipatiyā ekaṁ, anantare ekaṁ, samanantare ekaṁ, sahajāte	▁hetuyā ▁ekaṃ ▁ārammaṇe ▁ekaṃ ▁ adhipatiyā ▁ekaṃ ▁anantar e ▁ekaṃ ▁sam an antare ▁ekaṃ ▁sahajāt e
PA_patthana_3.2:11.1_1	ekaṁ, aññamaññe ekaṁ, nissaye ekaṁ, upanissaye ekaṁ, āsevane ekaṁ, kamme ekaṁ, āhāre	▁ekaṃ ▁aññamaññ e ▁ekaṃ ▁nissay e ▁ekaṃ ▁upanissaye ▁ekaṃ ▁āsevan e ▁ekaṃ ▁kamm e ▁ekaṃ ▁āhār e
PA_patthana_3.2:11.1_2	ekaṁ, indriye ekaṁ, jhāne ekaṁ, magge ekaṁ, sampayutte ekaṁ, atthiyā ekaṁ, natthiyā	▁ekaṃ ▁indriy e ▁ekaṃ ▁jhān e ▁ekaṃ ▁magg e ▁ekaṃ ▁sampayutt e ▁ekaṃ ▁atthi yā ▁ekaṃ ▁natthi yā
PA_patthana_3.2:11.1_3	ekaṁ, vigate ekaṁ, avigate ekaṁ. (Saṅkhittaṁ.)	▁ekaṃ ▁vigat e ▁ekaṃ ▁avigate ▁ekaṃ ▁saṃkhittaṃ
PA_patthana_3.2:12.0	Paccanīyuddhāra	▁pacc anīy uddhār a
PA_patthana_3.2:12.1	Sahetuko kusalo dhammo sahetukassa kusalassa dhammassa ārammaṇapaccayena paccayo … sahajātapaccayena paccayo … upanissayapaccayena paccayo.	▁sahetuk o ▁kusal o ▁dhammo ▁sahetuk assa ▁kusal assa ▁dhammassa ▁ārammaṇapaccay ena ▁paccayo ▁sahajātapaccay ena ▁paccayo ▁upa nissayapaccayena ▁paccayo
PA_patthana_3.2:13.1	Nahetuyā ekaṁ, naārammaṇe ekaṁ. (Saṅkhittaṁ.)	▁nahetu yā ▁ekaṃ ▁na ārammaṇ e ▁ekaṃ ▁saṃkhittaṃ
PA_patthana_3.2:14.1	Hetupaccayā naārammaṇe ekaṁ. (Saṅkhittaṁ.)	▁hetupaccayā ▁na ārammaṇ e ▁ekaṃ ▁saṃkhittaṃ
PA_patthana_3.2:15.1	Nahetupaccayā ārammaṇe ekaṁ. (Saṅkhittaṁ.)	▁nahetupaccayā ▁ārammaṇe ▁ekaṃ ▁saṃkhittaṃ
PA_patthana_3.2:16.1	(Yathā kusalattike pañhāvārassa anulomampi paccanīyampi anulomapaccanīyampi paccanīyānulomampi gaṇitaṁ, evaṁ gaṇetabbaṁ.)	▁yathā ▁kusal att ike ▁pañhāvār assa ▁anulom ampi ▁pacc anīy ampi ▁a nulomapaccanīya mpi ▁pacc anīy ānulom ampi ▁gaṇ itaṃ ▁evaṃ ▁gaṇ etabbaṃ
PA_patthana_3.2:17.0.1	3.2.2.2. Akusalapada	▁akusal apad a
PA_patthana_3.2:17.0.2	3.2.2.2.1–6 Paṭiccādivāra	▁paṭ iccādi vā ra
PA_patthana_3.2:17.0.3	Paccayacatukka	▁paccay acatukk a
PA_patthana_3.2:17.0.4	Hetu-ārammaṇa	▁hetu ārammaṇ a
PA_patthana_3.2:17.1	Sahetukaṁ akusalaṁ dhammaṁ paṭicca sahetuko akusalo dhammo uppajjati hetupaccayā.	▁sahetuk aṃ ▁akusal aṃ ▁dhammaṃ ▁paṭicca ▁sahetuk o ▁akusal o ▁dhammo ▁uppajjati ▁hetupaccayā
PA_patthana_3.2:18.1	Ahetukaṁ akusalaṁ dhammaṁ paṭicca sahetuko akusalo dhammo uppajjati hetupaccayā.	▁ahetuk aṃ ▁akusal aṃ ▁dhammaṃ ▁paṭicca ▁sahetuk o ▁akusal o ▁dhammo ▁uppajjati ▁hetupaccayā
PA_patthana_3.2:19.1	Sahetukaṁ akusalañca ahetukaṁ akusalañca dhammaṁ paṭicca sahetuko akusalo dhammo uppajjati hetupaccayā.	▁sahetuk aṃ ▁akusal añca ▁ahetuk aṃ ▁akusal añca ▁dhammaṃ ▁paṭicca ▁sahetuk o ▁akusal o ▁dhammo ▁uppajjati ▁hetupaccayā
PA_patthana_3.2:20.1_0	Sahetukaṁ akusalaṁ dhammaṁ paṭicca sahetuko akusalo dhammo uppajjati ārammaṇapaccayā.	▁sahetuk aṃ ▁akusal aṃ ▁dhammaṃ ▁paṭicca ▁sahetuk o ▁akusal o ▁dhammo ▁uppajjati ▁ārammaṇapaccay ā
PA_patthana_3.2:20.1_1	Sahetukaṁ akusalaṁ dhammaṁ paṭicca ahetuko akusalo dhammo uppajjati ārammaṇapaccayā.	▁sahetuk aṃ ▁akusal aṃ ▁dhammaṃ ▁paṭicca ▁ahetuk o ▁akusal o ▁dhammo ▁uppajjati ▁ārammaṇapaccay ā
PA_patthana_3.2:20.1_2	Sahetukaṁ akusalaṁ dhammaṁ paṭicca sahetuko akusalo ca ahetuko akusalo ca dhammā	▁sahetuk aṃ ▁akusal aṃ ▁dhammaṃ ▁paṭicca ▁sahetuk o ▁akusal o ▁ca ▁ahetuk o ▁akusal o ▁ca ▁dhammā
PA_patthana_3.2:20.1_3	uppajjanti ārammaṇapaccayā.	▁uppajjanti ▁ārammaṇapaccay ā
PA_patthana_3.2:21.1	Ahetukaṁ akusalaṁ dhammaṁ paṭicca sahetuko akusalo dhammo uppajjati ārammaṇapaccayā.	▁ahetuk aṃ ▁akusal aṃ ▁dhammaṃ ▁paṭicca ▁sahetuk o ▁akusal o ▁dhammo ▁uppajjati ▁ārammaṇapaccay ā
PA_patthana_3.2:22.1	Sahetukaṁ akusalañca ahetukaṁ akusalañca dhammaṁ paṭicca sahetuko akusalo dhammo uppajjati ārammaṇapaccayā.	▁sahetuk aṃ ▁akusal añca ▁ahetuk aṃ ▁akusal añca ▁dhammaṃ ▁paṭicca ▁sahetuk o ▁akusal o ▁dhammo ▁uppajjati ▁ārammaṇapaccay ā
PA_patthana_3.2:23.1	Sahetukaṁ akusalaṁ dhammaṁ paṭicca sahetuko akusalo dhammo uppajjati adhipatipaccayā. (Saṅkhittaṁ.)	▁sahetuk aṃ ▁akusal aṃ ▁dhammaṃ ▁paṭicca ▁sahetuk o ▁akusal o ▁dhammo ▁uppajjati ▁adhipatipaccay ā ▁saṃkhittaṃ
PA_patthana_3.2:24.1_0	Hetuyā tīṇi, ārammaṇe pañca, adhipatiyā ekaṁ, anantare pañca, samanantare pañca,	▁hetuyā ▁tīṇi ▁ārammaṇe ▁pañca ▁ adhipatiyā ▁ekaṃ ▁anantar e ▁pañca ▁sam an antare ▁pañca
PA_patthana_3.2:24.1_1	sahajāte pañca, aññamaññe pañca, nissaye pañca, upanissaye pañca, purejāte pañca,	▁sahajāt e ▁pañca ▁aññamaññ e ▁pañca ▁nissay e ▁pañca ▁upanissaye ▁pañca ▁purejāt e ▁pañca
PA_patthana_3.2:24.1_2	āsevane pañca, kamme pañca, āhāre pañca, indriye pañca, jhāne pañca, magge pañca,	▁āsevan e ▁pañca ▁kamm e ▁pañca ▁āhār e ▁pañca ▁indriy e ▁pañca ▁jhān e ▁pañca ▁magg e ▁pañca
PA_patthana_3.2:24.1_3	sampayutte pañca, vippayutte pañca, atthiyā pañca, natthiyā pañca, vigate pañca,	▁sampayutt e ▁pañca ▁ vippayutt e ▁pañca ▁atthi yā ▁pañca ▁natthi yā ▁pañca ▁vigat e ▁pañca
PA_patthana_3.2:24.1_4	avigate pañca. (Saṅkhittaṁ.)	▁avigate ▁pañca ▁saṃkhittaṃ
PA_patthana_3.2:25.0	Nahetu-naadhipati	▁nahetu na a dhi pati
PA_patthana_3.2:25.1	Sahetukaṁ akusalaṁ dhammaṁ paṭicca ahetuko akusalo dhammo uppajjati nahetupaccayā.	▁sahetuk aṃ ▁akusal aṃ ▁dhammaṃ ▁paṭicca ▁ahetuk o ▁akusal o ▁dhammo ▁uppajjati ▁nahetupaccayā
PA_patthana_3.2:26.1	Sahetukaṁ akusalaṁ dhammaṁ paṭicca sahetuko akusalo dhammo uppajjati naadhipatipaccayā. (Saṅkhittaṁ.)	▁sahetuk aṃ ▁akusal aṃ ▁dhammaṃ ▁paṭicca ▁sahetuk o ▁akusal o ▁dhammo ▁uppajjati ▁na a dhi pati paccayā ▁saṃkhittaṃ
PA_patthana_3.2:27.1	Nahetuyā ekaṁ, naadhipatiyā pañca, napurejāte pañca, napacchājāte pañca, naāsevane pañca, nakamme tīṇi, navipāke pañca, navippayutte pañca. (Saṅkhittaṁ.)	▁nahetu yā ▁ekaṃ ▁na adhipatiyā ▁pañca ▁napurejāte ▁pañca ▁napacchājāte ▁pañca ▁naāsevane ▁pañca ▁na kamm e ▁tīṇi ▁navipāke ▁pañca ▁navippayutte ▁pañca ▁saṃkhittaṃ
PA_patthana_3.2:28.1	Hetupaccayā naadhipatiyā tīṇi. (Saṅkhittaṁ.)	▁hetupaccayā ▁na adhipatiyā ▁tīṇi ▁saṃkhittaṃ
PA_patthana_3.2:29.1	Nahetupaccayā ārammaṇe ekaṁ. (Saṅkhittaṁ.)	▁nahetupaccayā ▁ārammaṇe ▁ekaṃ ▁saṃkhittaṃ
PA_patthana_3.2:30.1	(Sahajātavāropi paccayavāropi nissayavāropi saṁsaṭṭhavāropi sampayuttavāropi paṭiccavārasadisā vitthāretabbā.)	▁sahajātavār opi ▁paccay avāro pi ▁nissay avāro pi ▁ saṃsaṭṭh avāro pi ▁sampayutt avāro pi ▁paṭicca vā r asadis ā ▁vitthār etabbā
PA_patthana_3.2:31.0.1	3.2.2.2.7. Pañhāvāra	▁pañhāvār a
PA_patthana_3.2:31.0.2	Paccayacatukka	▁paccay acatukk a
PA_patthana_3.2:31.0.3	Hetu-ārammaṇādi	▁hetu ārammaṇ ādi
PA_patthana_3.2:31.1	Sahetuko akusalo dhammo sahetukassa akusalassa dhammassa hetupaccayena paccayo … dve.	▁sahetuk o ▁akusal o ▁dhammo ▁sahetuk assa ▁akusal assa ▁dhammassa ▁hetupaccay ena ▁paccayo ▁dve
PA_patthana_3.2:32.1	Sahetuko akusalo dhammo sahetukassa akusalassa dhammassa ārammaṇapaccayena paccayo … tīṇi.	▁sahetuk o ▁akusal o ▁dhammo ▁sahetuk assa ▁akusal assa ▁dhammassa ▁ārammaṇapaccay ena ▁paccayo ▁tīṇi
PA_patthana_3.2:33.1	Ahetuko akusalo dhammo ahetukassa akusalassa dhammassa ārammaṇapaccayena paccayo … tīṇi.	▁ahetuk o ▁akusal o ▁dhammo ▁ahetuk assa ▁akusal assa ▁dhammassa ▁ārammaṇapaccay ena ▁paccayo ▁tīṇi
PA_patthana_3.2:34.1	Sahetuko akusalo ca ahetuko akusalo ca dhammā sahetukassa akusalassa dhammassa ārammaṇapaccayena paccayo … tīṇi.	▁sahetuk o ▁akusal o ▁ca ▁ahetuk o ▁akusal o ▁ca ▁dhammā ▁sahetuk assa ▁akusal assa ▁dhammassa ▁ārammaṇapaccay ena ▁paccayo ▁tīṇi
PA_patthana_3.2:35.1	Sahetuko akusalo dhammo sahetukassa akusalassa dhammassa adhipatipaccayena paccayo—ārammaṇādhipati, sahajātādhipati. (Saṅkhittaṁ.)	▁sahetuk o ▁akusal o ▁dhammo ▁sahetuk assa ▁akusal assa ▁dhammassa ▁adhipatipaccay ena ▁paccayo ārammaṇ ādhipati ▁sahajāt ādhipati ▁saṃkhittaṃ
PA_patthana_3.2:36.1_0	Hetuyā dve, ārammaṇe nava, adhipatiyā ekaṁ, anantare nava, samanantare nava, sahajāte	▁hetuyā ▁dve ▁ārammaṇe ▁nava ▁ adhipatiyā ▁ekaṃ ▁anantar e ▁nava ▁sam an antare ▁nava ▁sahajāt e
PA_patthana_3.2:36.1_1	pañca, aññamaññe pañca, nissaye pañca, upanissaye nava, āsevane nava, kamme tīṇi,	▁pañca ▁aññamaññ e ▁pañca ▁nissay e ▁pañca ▁upanissaye ▁nava ▁āsevan e ▁nava ▁kamm e ▁tīṇi
PA_patthana_3.2:36.1_2	āhāre tīṇi, indriye tīṇi, jhāne tīṇi, magge tīṇi, sampayutte pañca, atthiyā pañca,	▁āhār e ▁tīṇi ▁indriy e ▁tīṇi ▁jhān e ▁tīṇi ▁magg e ▁tīṇi ▁sampayutt e ▁pañca ▁atthi yā ▁pañca
PA_patthana_3.2:36.1_3	natthiyā nava, vigate nava, avigate pañca. (Saṅkhittaṁ.)	▁natthi yā ▁nava ▁vigat e ▁nava ▁avigate ▁pañca ▁saṃkhittaṃ
PA_patthana_3.2:37.0	Paccanīyuddhāra	▁pacc anīy uddhār a
PA_patthana_3.2:37.1	Sahetuko akusalo dhammo sahetukassa akusalassa dhammassa ārammaṇapaccayena paccayo … sahajātapaccayena paccayo … upanissayapaccayena paccayo. (Saṅkhittaṁ.)	▁sahetuk o ▁akusal o ▁dhammo ▁sahetuk assa ▁akusal assa ▁dhammassa ▁ārammaṇapaccay ena ▁paccayo ▁sahajātapaccay ena ▁paccayo ▁upa nissayapaccayena ▁paccayo ▁saṃkhittaṃ
PA_patthana_3.2:38.1	Nahetuyā nava, naārammaṇe nava. (Saṅkhittaṁ.)	▁nahetu yā ▁nava ▁na ārammaṇ e ▁nava ▁saṃkhittaṃ
PA_patthana_3.2:39.1	Hetupaccayā naārammaṇe dve. (Saṅkhittaṁ.)	▁hetupaccayā ▁na ārammaṇ e ▁dve ▁saṃkhittaṃ
PA_patthana_3.2:40.1	Nahetupaccayā ārammaṇe nava. (Saṅkhittaṁ.)	▁nahetupaccayā ▁ārammaṇe ▁nava ▁saṃkhittaṃ
PA_patthana_3.2:41.1	(Yathā kusalattike pañhāvārassa anulomampi paccanīyampi anulomapaccanīyampi paccanīyānulomampi gaṇitaṁ, evaṁ gaṇetabbaṁ.)	▁yathā ▁kusal att ike ▁pañhāvār assa ▁anulom ampi ▁pacc anīy ampi ▁a nulomapaccanīya mpi ▁pacc anīy ānulom ampi ▁gaṇ itaṃ ▁evaṃ ▁gaṇ etabbaṃ
PA_patthana_3.2:42.0.1	3.2.2.3. Abyākatapada	▁abyākat apad a
PA_patthana_3.2:42.0.2	3.2.2.3.1–6 Paṭiccādivāra	▁paṭ iccādi vā ra
PA_patthana_3.2:42.0.3	Paccayacatukka	▁paccay acatukk a
PA_patthana_3.2:42.0.4	2.2.3.7. Pañhāvāra	▁pañhāvār a
PA_patthana_3.2:42.0.5	Paccayacatukka	▁paccay acatukk a
PA_patthana_3.2:42.0.6	Hetu	▁hetu
PA_patthana_3.2:42.1	Sahetukaṁ abyākataṁ dhammaṁ paṭicca sahetuko abyākato dhammo uppajjati hetupaccayā … tīṇi.	▁sahetuk aṃ ▁abyākat aṃ ▁dhammaṃ ▁paṭicca ▁sahetuk o ▁abyākat o ▁dhammo ▁uppajjati ▁hetupaccayā ▁tīṇi
PA_patthana_3.2:43.1	Ahetukaṁ abyākataṁ dhammaṁ paṭicca ahetuko abyākato dhammo uppajjati hetupaccayā … tīṇi.	▁ahetuk aṃ ▁abyākat aṃ ▁dhammaṃ ▁paṭicca ▁ahetuk o ▁abyākat o ▁dhammo ▁uppajjati ▁hetupaccayā ▁tīṇi
PA_patthana_3.2:44.1	Sahetukaṁ abyākatañca ahetukaṁ abyākatañca dhammaṁ paṭicca sahetuko abyākato dhammo uppajjati hetupaccayā … tīṇi. (Saṅkhittaṁ.)	▁sahetuk aṃ ▁abyākat añca ▁ahetuk aṃ ▁abyākat añca ▁dhammaṃ ▁paṭicca ▁sahetuk o ▁abyākat o ▁dhammo ▁uppajjati ▁hetupaccayā ▁tīṇi ▁saṃkhittaṃ
PA_patthana_3.2:45.1_0	Hetuyā nava, ārammaṇe cattāri, adhipatiyā pañca, anantare cattāri, samanantare cattāri,	▁hetuyā ▁nava ▁ārammaṇe ▁cattāri ▁ adhipatiyā ▁pañca ▁anantar e ▁cattāri ▁sam an antare ▁cattāri
PA_patthana_3.2:45.1_1	sahajāte nava, aññamaññe cha …pe… purejāte dve, āsevane dve, kamme nava, vipāke nava	▁sahajāt e ▁nava ▁aññamaññ e ▁cha ▁pe ▁purejāt e ▁dve ▁āsevan e ▁dve ▁kamm e ▁nava ▁vipāk e ▁nava
PA_patthana_3.2:45.1_2	…pe… vippayutte nava …pe… avigate nava. (Saṅkhittaṁ.)	▁pe ▁ vippayutt e ▁nava ▁pe ▁avigate ▁nava ▁saṃkhittaṃ
PA_patthana_3.2:46.0	Nahetu-naārammaṇa	▁nahetu na ārammaṇ a
PA_patthana_3.2:46.1	Ahetukaṁ abyākataṁ dhammaṁ paṭicca ahetuko abyākato dhammo uppajjati nahetupaccayā.	▁ahetuk aṃ ▁abyākat aṃ ▁dhammaṃ ▁paṭicca ▁ahetuk o ▁abyākat o ▁dhammo ▁uppajjati ▁nahetupaccayā
PA_patthana_3.2:47.1	Sahetukaṁ abyākataṁ dhammaṁ paṭicca ahetuko abyākato dhammo uppajjati naārammaṇapaccayā.	▁sahetuk aṃ ▁abyākat aṃ ▁dhammaṃ ▁paṭicca ▁ahetuk o ▁abyākat o ▁dhammo ▁uppajjati ▁na ārammaṇ apaccayā
PA_patthana_3.2:48.1	Ahetukaṁ abyākataṁ dhammaṁ paṭicca ahetuko abyākato dhammo uppajjati naārammaṇapaccayā.	▁ahetuk aṃ ▁abyākat aṃ ▁dhammaṃ ▁paṭicca ▁ahetuk o ▁abyākat o ▁dhammo ▁uppajjati ▁na ārammaṇ apaccayā
PA_patthana_3.2:49.1	Sahetukaṁ abyākatañca ahetukaṁ abyākatañca dhammaṁ paṭicca ahetuko abyākato dhammo uppajjati naārammaṇapaccayā.	▁sahetuk aṃ ▁abyākat añca ▁ahetuk aṃ ▁abyākat añca ▁dhammaṃ ▁paṭicca ▁ahetuk o ▁abyākat o ▁dhammo ▁uppajjati ▁na ārammaṇ apaccayā
PA_patthana_3.2:50.1	Sahetukaṁ abyākataṁ dhammaṁ paṭicca sahetuko abyākato dhammo uppajjati naadhipatipaccayā. (Saṅkhittaṁ.)	▁sahetuk aṃ ▁abyākat aṃ ▁dhammaṃ ▁paṭicca ▁sahetuk o ▁abyākat o ▁dhammo ▁uppajjati ▁na a dhi pati paccayā ▁saṃkhittaṃ
PA_patthana_3.2:51.1_0	Nahetuyā ekaṁ, naārammaṇe tīṇi, naadhipatiyā nava, naanantare tīṇi, nasamanantare	▁nahetu yā ▁ekaṃ ▁na ārammaṇ e ▁tīṇi ▁na adhipatiyā ▁nava ▁na an antare ▁tīṇi ▁nasamanantar e
PA_patthana_3.2:51.1_1	tīṇi, naaññamaññe tīṇi, naupanissaye tīṇi, napurejāte nava, napacchājāte nava, naāsevane	▁tīṇi ▁na a ññ amaññ e ▁tīṇi ▁naupanissaye ▁tīṇi ▁napurejāte ▁nava ▁napacchājāte ▁nava ▁naāsevane
PA_patthana_3.2:51.1_2	nava, nakamme dve, navipāke pañca, naāhāre ekaṁ, naindriye ekaṁ, najhāne ekaṁ, namagge	▁nava ▁na kamm e ▁dve ▁navipāke ▁pañca ▁na ā hār e ▁ekaṃ ▁na indriy e ▁ekaṃ ▁ najhāne ▁ekaṃ ▁na magge
PA_patthana_3.2:51.1_3	ekaṁ, nasampayutte tīṇi, navippayutte dve, nonatthiyā tīṇi, novigate tīṇi. (Saṅkhittaṁ.)	▁ekaṃ ▁na sampayutte ▁tīṇi ▁navippayutte ▁dve ▁no natthiyā ▁tīṇi ▁novigate ▁tīṇi ▁saṃkhittaṃ
PA_patthana_3.2:52.1	Hetupaccayā naārammaṇe tīṇi. (Saṅkhittaṁ.)	▁hetupaccayā ▁na ārammaṇ e ▁tīṇi ▁saṃkhittaṃ
PA_patthana_3.2:53.1	Nahetupaccayā ārammaṇe ekaṁ. (Saṅkhittaṁ.)	▁nahetupaccayā ▁ārammaṇe ▁ekaṃ ▁saṃkhittaṃ
PA_patthana_3.2:54.1	(Sahajātavāropi paccayavāropi nissayavāropi saṁsaṭṭhavāropi sampayuttavāropi paṭiccavārasadisā vitthāretabbā.)	▁sahajātavār opi ▁paccay avāro pi ▁nissay avāro pi ▁ saṃsaṭṭh avāro pi ▁sampayutt avāro pi ▁paṭicca vā r asadis ā ▁vitthār etabbā
PA_patthana_3.2:55.0	Hetu-ārammaṇa	▁hetu ārammaṇ a
PA_patthana_3.2:55.1	Sahetuko abyākato dhammo sahetukassa abyākatassa dhammassa hetupaccayena paccayo … tīṇi.	▁sahetuk o ▁abyākat o ▁dhammo ▁sahetuk assa ▁abyākat assa ▁dhammassa ▁hetupaccay ena ▁paccayo ▁tīṇi
PA_patthana_3.2:56.1	Sahetuko abyākato dhammo sahetukassa abyākatassa dhammassa ārammaṇapaccayena paccayo. (Saṅkhittaṁ.)	▁sahetuk o ▁abyākat o ▁dhammo ▁sahetuk assa ▁abyākat assa ▁dhammassa ▁ārammaṇapaccay ena ▁paccayo ▁saṃkhittaṃ
PA_patthana_3.2:57.1_0	Hetuyā tīṇi, ārammaṇe cattāri, adhipatiyā cattāri, anantare cattāri, samanantare	▁hetuyā ▁tīṇi ▁ārammaṇe ▁cattāri ▁ adhipatiyā ▁cattāri ▁anantar e ▁cattāri ▁sam an antare
PA_patthana_3.2:57.1_1	cattāri, sahajāte satta, aññamaññe cha, nissaye satta, upanissaye cattāri, purejāte	▁cattāri ▁sahajāt e ▁satta ▁aññamaññ e ▁cha ▁nissay e ▁satta ▁upanissaye ▁cattāri ▁purejāt e
PA_patthana_3.2:57.1_2	dve, pacchājāte dve, āsevane dve, kamme cattāri, vipāke cattāri, āhāre cattāri, indriye	▁dve ▁pacchā jāt e ▁dve ▁āsevan e ▁dve ▁kamm e ▁cattāri ▁vipāk e ▁cattāri ▁āhār e ▁cattāri ▁indriy e
PA_patthana_3.2:57.1_3	cattāri, jhāne cattāri, magge tīṇi, sampayutte dve, vippayutte tīṇi, atthiyā satta	▁cattāri ▁jhān e ▁cattāri ▁magg e ▁tīṇi ▁sampayutt e ▁dve ▁ vippayutt e ▁tīṇi ▁atthi yā ▁satta
PA_patthana_3.2:57.1_4	…pe… avigate satta. (Saṅkhittaṁ.)	▁pe ▁avigate ▁satta ▁saṃkhittaṃ
PA_patthana_3.2:58.0	Paccanīyuddhāra	▁pacc anīy uddhār a
PA_patthana_3.2:58.1	Sahetuko abyākato dhammo sahetukassa abyākatassa dhammassa ārammaṇapaccayena paccayo … sahajātapaccayena paccayo … upanissayapaccayena paccayo. (Saṅkhittaṁ.)	▁sahetuk o ▁abyākat o ▁dhammo ▁sahetuk assa ▁abyākat assa ▁dhammassa ▁ārammaṇapaccay ena ▁paccayo ▁sahajātapaccay ena ▁paccayo ▁upa nissayapaccayena ▁paccayo ▁saṃkhittaṃ
PA_patthana_3.2:59.1	Nahetuyā satta, naārammaṇe satta. (Saṅkhittaṁ.)	▁nahetu yā ▁satta ▁na ārammaṇ e ▁satta ▁saṃkhittaṃ
PA_patthana_3.2:60.1	Hetupaccayā naārammaṇe tīṇi. (Saṅkhittaṁ.)	▁hetupaccayā ▁na ārammaṇ e ▁tīṇi ▁saṃkhittaṃ
PA_patthana_3.2:61.1	Nahetupaccayā ārammaṇe cattāri. (Saṅkhittaṁ.)	▁nahetupaccayā ▁ārammaṇe ▁cattāri ▁saṃkhittaṃ
PA_patthana_3.2:62.1	(Yathā kusalattike pañhāvārassa anulomampi paccanīyampi anulomapaccanīyampi paccanīyānulomampi gaṇitaṁ, evaṁ gaṇetabbaṁ.)	▁yathā ▁kusal att ike ▁pañhāvār assa ▁anulom ampi ▁pacc anīy ampi ▁a nulomapaccanīya mpi ▁pacc anīy ānulom ampi ▁gaṇ itaṃ ▁evaṃ ▁gaṇ etabbaṃ
PA_patthana_3.2:63.1	Sahetukadukakusalattikaṁ niṭṭhitaṁ.	▁sahetuk aduk akusal attika ṃ ▁niṭṭhitaṃ
PA_patthana_3.2:64.0.1	3.2.3. Hetusampayuttaduka, Kusalattika	▁hetu sampayutta du ka ▁kusal attika
PA_patthana_3.2:64.0.2	3.2.3.1. Kusalapada	▁kusal apad a
PA_patthana_3.2:64.0.3	3.2.3.1.1–6 Paṭiccādivāra	▁paṭ iccādi vā ra
PA_patthana_3.2:64.0.4	Paccayacatukka	▁paccay acatukk a
PA_patthana_3.2:64.0.5	Hetu	▁hetu
PA_patthana_3.2:64.1	Hetusampayuttaṁ kusalaṁ dhammaṁ paṭicca hetusampayutto kusalo dhammo uppajjati hetupaccayā. (Saṅkhittaṁ.)	▁hetu sampayutta ṃ ▁kusalaṃ ▁dhammaṃ ▁paṭicca ▁hetu sam pa yutto ▁kusal o ▁dhammo ▁uppajjati ▁hetupaccayā ▁saṃkhittaṃ
PA_patthana_3.2:65.1	Hetuyā ekaṁ, ārammaṇe ekaṁ, adhipatiyā ekaṁ …pe… avigate ekaṁ. (Saṅkhittaṁ.)	▁hetuyā ▁ekaṃ ▁ārammaṇe ▁ekaṃ ▁ adhipatiyā ▁ekaṃ ▁pe ▁avigate ▁ekaṃ ▁saṃkhittaṃ
PA_patthana_3.2:66.0	Paccanīya	▁pacc anīy a
PA_patthana_3.2:66.1	Naadhipatiyā ekaṁ, napurejāte ekaṁ, napacchājāte ekaṁ, naāsevane ekaṁ, nakamme ekaṁ, navipāke ekaṁ, navippayutte ekaṁ. (Saṅkhittaṁ.)	▁na adhipatiyā ▁ekaṃ ▁napurejāte ▁ekaṃ ▁napacchājāte ▁ekaṃ ▁naāsevane ▁ekaṃ ▁na kamm e ▁ekaṃ ▁navipāke ▁ekaṃ ▁navippayutte ▁ekaṃ ▁saṃkhittaṃ
PA_patthana_3.2:67.1	Hetupaccayā naadhipatiyā ekaṁ. (Saṅkhittaṁ.)	▁hetupaccayā ▁na adhipatiyā ▁ekaṃ ▁saṃkhittaṃ
PA_patthana_3.2:68.1	Naadhipatipaccayā hetuyā ekaṁ. (Saṅkhittaṁ.)	▁na a dhi pati paccayā ▁hetuyā ▁ekaṃ ▁saṃkhittaṃ
PA_patthana_3.2:69.1	(Sahajātavāropi paccayavāropi nissayavāropi saṁsaṭṭhavāropi sampayuttavāropi paṭiccavārasadisā vitthāretabbā.)	▁sahajātavār opi ▁paccay avāro pi ▁nissay avāro pi ▁ saṃsaṭṭh avāro pi ▁sampayutt avāro pi ▁paṭicca vā r asadis ā ▁vitthār etabbā
PA_patthana_3.2:70.0.1	3.2.3.1.7. Pañhāvāra	▁pañhāvār a
PA_patthana_3.2:70.0.2	Paccayacatukka	▁paccay acatukk a
PA_patthana_3.2:70.0.3	Hetu	▁hetu
PA_patthana_3.2:70.1	Hetusampayutto kusalo dhammo hetusampayuttassa kusalassa dhammassa hetupaccayena paccayo. (Saṅkhittaṁ.)	▁hetu sam pa yutto ▁kusal o ▁dhammo ▁hetu sampayutta ssa ▁kusal assa ▁dhammassa ▁hetupaccay ena ▁paccayo ▁saṃkhittaṃ
PA_patthana_3.2:71.1	Hetuyā ekaṁ, ārammaṇe ekaṁ, adhipatiyā ekaṁ, anantare ekaṁ, samanantare ekaṁ …pe… kamme ekaṁ …pe… avigate ekaṁ. (Saṅkhittaṁ.)	▁hetuyā ▁ekaṃ ▁ārammaṇe ▁ekaṃ ▁ adhipatiyā ▁ekaṃ ▁anantar e ▁ekaṃ ▁sam an antare ▁ekaṃ ▁pe ▁kamm e ▁ekaṃ ▁pe ▁avigate ▁ekaṃ ▁saṃkhittaṃ
PA_patthana_3.2:72.0	Paccanīyuddhāra	▁pacc anīy uddhār a
PA_patthana_3.2:72.1	Hetusampayutto kusalo dhammo hetusampayuttassa kusalassa dhammassa ārammaṇapaccayena paccayo … sahajātapaccayena paccayo … upanissayapaccayena paccayo.	▁hetu sam pa yutto ▁kusal o ▁dhammo ▁hetu sampayutta ssa ▁kusal assa ▁dhammassa ▁ārammaṇapaccay ena ▁paccayo ▁sahajātapaccay ena ▁paccayo ▁upa nissayapaccayena ▁paccayo
PA_patthana_3.2:73.1	Nahetuyā ekaṁ, naārammaṇe ekaṁ. (Saṅkhittaṁ.)	▁nahetu yā ▁ekaṃ ▁na ārammaṇ e ▁ekaṃ ▁saṃkhittaṃ
PA_patthana_3.2:74.1	Hetupaccayā naārammaṇe ekaṁ. (Saṅkhittaṁ.)	▁hetupaccayā ▁na ārammaṇ e ▁ekaṃ ▁saṃkhittaṃ
PA_patthana_3.2:75.1	Nahetupaccayā ārammaṇe ekaṁ. (Saṅkhittaṁ.)	▁nahetupaccayā ▁ārammaṇe ▁ekaṃ ▁saṃkhittaṃ
PA_patthana_3.2:76.1	(Yathā kusalattike pañhāvārassa anulomampi paccanīyampi anulomapaccanīyampi paccanīyānulomampi gaṇitaṁ, evaṁ gaṇetabbaṁ.)	▁yathā ▁kusal att ike ▁pañhāvār assa ▁anulom ampi ▁pacc anīy ampi ▁a nulomapaccanīya mpi ▁pacc anīy ānulom ampi ▁gaṇ itaṃ ▁evaṃ ▁gaṇ etabbaṃ
PA_patthana_3.2:77.0.1	3.2.3.2. Akusalapada	▁akusal apad a
PA_patthana_3.2:77.0.2	3.2.3.2.1–6 Paṭiccādivāra	▁paṭ iccādi vā ra
PA_patthana_3.2:77.0.3	Paccayacatukka	▁paccay acatukk a
PA_patthana_3.2:77.0.4	Hetu-ārammaṇa	▁hetu ārammaṇ a
PA_patthana_3.2:77.1	Hetusampayuttaṁ akusalaṁ dhammaṁ paṭicca hetusampayutto akusalo dhammo uppajjati hetupaccayā.	▁hetu sampayutta ṃ ▁akusal aṃ ▁dhammaṃ ▁paṭicca ▁hetu sam pa yutto ▁akusal o ▁dhammo ▁uppajjati ▁hetupaccayā
PA_patthana_3.2:78.1	Hetuvippayuttaṁ akusalaṁ dhammaṁ paṭicca hetusampayutto akusalo dhammo uppajjati hetupaccayā.	▁hetu vippayutt aṃ ▁akusal aṃ ▁dhammaṃ ▁paṭicca ▁hetu sam pa yutto ▁akusal o ▁dhammo ▁uppajjati ▁hetupaccayā
PA_patthana_3.2:79.1	Hetusampayuttaṁ akusalañca hetuvippayuttaṁ akusalañca dhammaṁ paṭicca hetusampayutto akusalo dhammo uppajjati hetupaccayā.	▁hetu sampayutta ṃ ▁akusal añca ▁hetu vippayutt aṃ ▁akusal añca ▁dhammaṃ ▁paṭicca ▁hetu sam pa yutto ▁akusal o ▁dhammo ▁uppajjati ▁hetupaccayā
PA_patthana_3.2:80.1	Hetusampayuttaṁ akusalaṁ dhammaṁ paṭicca hetusampayutto akusalo dhammo uppajjati ārammaṇapaccayā … tīṇi.	▁hetu sampayutta ṃ ▁akusal aṃ ▁dhammaṃ ▁paṭicca ▁hetu sam pa yutto ▁akusal o ▁dhammo ▁uppajjati ▁ārammaṇapaccay ā ▁tīṇi
PA_patthana_3.2:81.1	Hetuvippayuttaṁ akusalaṁ dhammaṁ paṭicca hetusampayutto akusalo dhammo uppajjati ārammaṇapaccayā.	▁hetu vippayutt aṃ ▁akusal aṃ ▁dhammaṃ ▁paṭicca ▁hetu sam pa yutto ▁akusal o ▁dhammo ▁uppajjati ▁ārammaṇapaccay ā
PA_patthana_3.2:82.1	Hetusampayuttaṁ akusalañca hetuvippayuttaṁ akusalañca dhammaṁ paṭicca hetusampayutto akusalo dhammo uppajjati ārammaṇapaccayā.	▁hetu sampayutta ṃ ▁akusal añca ▁hetu vippayutt aṃ ▁akusal añca ▁dhammaṃ ▁paṭicca ▁hetu sam pa yutto ▁akusal o ▁dhammo ▁uppajjati ▁ārammaṇapaccay ā
PA_patthana_3.2:83.1	Hetusampayuttaṁ akusalaṁ dhammaṁ paṭicca hetusampayutto akusalo dhammo uppajjati adhipatipaccayā. (Saṅkhittaṁ.)	▁hetu sampayutta ṃ ▁akusal aṃ ▁dhammaṃ ▁paṭicca ▁hetu sam pa yutto ▁akusal o ▁dhammo ▁uppajjati ▁adhipatipaccay ā ▁saṃkhittaṃ
PA_patthana_3.2:84.1_0	Hetuyā tīṇi, ārammaṇe pañca, adhipatiyā ekaṁ, anantare pañca, samanantare pañca,	▁hetuyā ▁tīṇi ▁ārammaṇe ▁pañca ▁ adhipatiyā ▁ekaṃ ▁anantar e ▁pañca ▁sam an antare ▁pañca
PA_patthana_3.2:84.1_1	sahajāte pañca, aññamaññe pañca, nissaye pañca, upanissaye pañca, purejāte pañca,	▁sahajāt e ▁pañca ▁aññamaññ e ▁pañca ▁nissay e ▁pañca ▁upanissaye ▁pañca ▁purejāt e ▁pañca
PA_patthana_3.2:84.1_2	āsevane pañca, kamme pañca, āhāre pañca, indriye pañca, jhāne pañca, magge pañca,	▁āsevan e ▁pañca ▁kamm e ▁pañca ▁āhār e ▁pañca ▁indriy e ▁pañca ▁jhān e ▁pañca ▁magg e ▁pañca
PA_patthana_3.2:84.1_3	sampayutte pañca, vippayutte pañca, atthiyā pañca …pe… avigate pañca. (Saṅkhittaṁ.)	▁sampayutt e ▁pañca ▁ vippayutt e ▁pañca ▁atthi yā ▁pañca ▁pe ▁avigate ▁pañca ▁saṃkhittaṃ
PA_patthana_3.2:85.0	Nahetu-naadhipati	▁nahetu na a dhi pati
PA_patthana_3.2:85.1	Hetusampayuttaṁ akusalaṁ dhammaṁ paṭicca hetuvippayutto akusalo dhammo uppajjati nahetupaccayā.	▁hetu sampayutta ṃ ▁akusal aṃ ▁dhammaṃ ▁paṭicca ▁hetu vippayutt o ▁akusal o ▁dhammo ▁uppajjati ▁nahetupaccayā
PA_patthana_3.2:86.1	Hetusampayuttaṁ akusalaṁ dhammaṁ paṭicca hetusampayutto akusalo dhammo uppajjati naadhipatipaccayā. (Saṅkhittaṁ.)	▁hetu sampayutta ṃ ▁akusal aṃ ▁dhammaṃ ▁paṭicca ▁hetu sam pa yutto ▁akusal o ▁dhammo ▁uppajjati ▁na a dhi pati paccayā ▁saṃkhittaṃ
PA_patthana_3.2:87.1	Nahetuyā ekaṁ, naadhipatiyā pañca, napurejāte pañca, napacchājāte pañca, naāsevane pañca, nakamme tīṇi, navipāke pañca, navippayutte pañca. (Saṅkhittaṁ.)	▁nahetu yā ▁ekaṃ ▁na adhipatiyā ▁pañca ▁napurejāte ▁pañca ▁napacchājāte ▁pañca ▁naāsevane ▁pañca ▁na kamm e ▁tīṇi ▁navipāke ▁pañca ▁navippayutte ▁pañca ▁saṃkhittaṃ
PA_patthana_3.2:88.1	Hetupaccayā naadhipatiyā tīṇi. (Saṅkhittaṁ.)	▁hetupaccayā ▁na adhipatiyā ▁tīṇi ▁saṃkhittaṃ
PA_patthana_3.2:89.1	Nahetupaccayā ārammaṇe ekaṁ. (Saṅkhittaṁ.)	▁nahetupaccayā ▁ārammaṇe ▁ekaṃ ▁saṃkhittaṃ
PA_patthana_3.2:90.1	(Sahajātavāropi paccayavāropi nissayavāropi saṁsaṭṭhavāropi sampayuttavāropi paṭiccavārasadisā vitthāretabbā.)	▁sahajātavār opi ▁paccay avāro pi ▁nissay avāro pi ▁ saṃsaṭṭh avāro pi ▁sampayutt avāro pi ▁paṭicca vā r asadis ā ▁vitthār etabbā
PA_patthana_3.2:91.0.1	3.2.3.2.7. Pañhāvāra	▁pañhāvār a
PA_patthana_3.2:91.0.2	Paccayacatukka	▁paccay acatukk a
PA_patthana_3.2:91.0.3	Hetu-ārammaṇa	▁hetu ārammaṇ a
PA_patthana_3.2:91.1	Hetusampayutto akusalo dhammo hetusampayuttassa akusalassa dhammassa hetupaccayena paccayo … dve.	▁hetu sam pa yutto ▁akusal o ▁dhammo ▁hetu sampayutta ssa ▁akusal assa ▁dhammassa ▁hetupaccay ena ▁paccayo ▁dve
PA_patthana_3.2:92.1	Hetusampayutto akusalo dhammo hetusampayuttassa akusalassa dhammassa ārammaṇapaccayena paccayo … tīṇi.	▁hetu sam pa yutto ▁akusal o ▁dhammo ▁hetu sampayutta ssa ▁akusal assa ▁dhammassa ▁ārammaṇapaccay ena ▁paccayo ▁tīṇi
PA_patthana_3.2:93.1	Hetuvippayutto akusalo dhammo hetuvippayuttassa akusalassa dhammassa ārammaṇapaccayena paccayo … tīṇi.	▁hetu vippayutt o ▁akusal o ▁dhammo ▁hetu vippayutt assa ▁akusal assa ▁dhammassa ▁ārammaṇapaccay ena ▁paccayo ▁tīṇi
PA_patthana_3.2:94.1	Hetusampayutto akusalo ca hetuvippayutto akusalo ca dhammā hetusampayuttassa akusalassa dhammassa ārammaṇapaccayena paccayo … tīṇi. (Saṅkhittaṁ.)	▁hetu sam pa yutto ▁akusal o ▁ca ▁hetu vippayutt o ▁akusal o ▁ca ▁dhammā ▁hetu sampayutta ssa ▁akusal assa ▁dhammassa ▁ārammaṇapaccay ena ▁paccayo ▁tīṇi ▁saṃkhittaṃ
PA_patthana_3.2:95.1_0	Hetuyā dve, ārammaṇe nava, adhipatiyā ekaṁ, anantare nava, samanantare nava, sahajāte	▁hetuyā ▁dve ▁ārammaṇe ▁nava ▁ adhipatiyā ▁ekaṃ ▁anantar e ▁nava ▁sam an antare ▁nava ▁sahajāt e
PA_patthana_3.2:95.1_1	pañca, aññamaññe pañca, nissaye pañca, upanissaye nava, āsevane nava, kamme tīṇi,	▁pañca ▁aññamaññ e ▁pañca ▁nissay e ▁pañca ▁upanissaye ▁nava ▁āsevan e ▁nava ▁kamm e ▁tīṇi
PA_patthana_3.2:95.1_2	āhāre tīṇi, indriye tīṇi, jhāne tīṇi, magge tīṇi, sampayutte pañca, atthiyā pañca	▁āhār e ▁tīṇi ▁indriy e ▁tīṇi ▁jhān e ▁tīṇi ▁magg e ▁tīṇi ▁sampayutt e ▁pañca ▁atthi yā ▁pañca
PA_patthana_3.2:95.1_3	…pe… avigate pañca. (Saṅkhittaṁ.)	▁pe ▁avigate ▁pañca ▁saṃkhittaṃ
PA_patthana_3.2:96.0	Paccanīyuddhāra	▁pacc anīy uddhār a
PA_patthana_3.2:96.1	Hetusampayutto akusalo dhammo hetusampayuttassa akusalassa dhammassa ārammaṇapaccayena paccayo … sahajātapaccayena paccayo … upanissayapaccayena paccayo. (Saṅkhittaṁ.)	▁hetu sam pa yutto ▁akusal o ▁dhammo ▁hetu sampayutta ssa ▁akusal assa ▁dhammassa ▁ārammaṇapaccay ena ▁paccayo ▁sahajātapaccay ena ▁paccayo ▁upa nissayapaccayena ▁paccayo ▁saṃkhittaṃ
PA_patthana_3.2:97.1	Nahetuyā nava, naārammaṇe nava. (Saṅkhittaṁ.)	▁nahetu yā ▁nava ▁na ārammaṇ e ▁nava ▁saṃkhittaṃ
PA_patthana_3.2:98.1	Hetupaccayā naārammaṇe dve. (Saṅkhittaṁ.)	▁hetupaccayā ▁na ārammaṇ e ▁dve ▁saṃkhittaṃ
PA_patthana_3.2:99.1	Nahetupaccayā ārammaṇe nava. (Saṅkhittaṁ.)	▁nahetupaccayā ▁ārammaṇe ▁nava ▁saṃkhittaṃ
PA_patthana_3.2:100.1	(Yathā kusalattike pañhāvārassa anulomampi paccanīyampi anulomapaccanīyampi paccanīyānulomampi gaṇitaṁ, evaṁ gaṇetabbaṁ.)	▁yathā ▁kusal att ike ▁pañhāvār assa ▁anulom ampi ▁pacc anīy ampi ▁a nulomapaccanīya mpi ▁pacc anīy ānulom ampi ▁gaṇ itaṃ ▁evaṃ ▁gaṇ etabbaṃ
PA_patthana_3.2:101.0.1	3.2.3.3. Abyākatapada	▁abyākat apad a
PA_patthana_3.2:101.0.2	3.2.3.3.1–6 Paṭiccādivāra	▁paṭ iccādi vā ra
PA_patthana_3.2:101.0.3	Paccayacatukka	▁paccay acatukk a
PA_patthana_3.2:101.0.4	Hetu	▁hetu
PA_patthana_3.2:101.1	Hetusampayuttaṁ abyākataṁ dhammaṁ paṭicca hetusampayutto abyākato dhammo uppajjati hetupaccayā … tīṇi.	▁hetu sampayutta ṃ ▁abyākat aṃ ▁dhammaṃ ▁paṭicca ▁hetu sam pa yutto ▁abyākat o ▁dhammo ▁uppajjati ▁hetupaccayā ▁tīṇi
PA_patthana_3.2:102.1	Hetuvippayuttaṁ abyākataṁ dhammaṁ paṭicca hetuvippayutto abyākato dhammo uppajjati hetupaccayā … tīṇi.	▁hetu vippayutt aṃ ▁abyākat aṃ ▁dhammaṃ ▁paṭicca ▁hetu vippayutt o ▁abyākat o ▁dhammo ▁uppajjati ▁hetupaccayā ▁tīṇi
PA_patthana_3.2:103.1	Hetusampayuttaṁ abyākatañca hetuvippayuttaṁ abyākatañca dhammaṁ paṭicca hetusampayutto abyākato dhammo uppajjati hetupaccayā … tīṇi. (Saṅkhittaṁ.)	▁hetu sampayutta ṃ ▁abyākat añca ▁hetu vippayutt aṃ ▁abyākat añca ▁dhammaṃ ▁paṭicca ▁hetu sam pa yutto ▁abyākat o ▁dhammo ▁uppajjati ▁hetupaccayā ▁tīṇi ▁saṃkhittaṃ
PA_patthana_3.2:104.1_0	Hetuyā nava, ārammaṇe cattāri, adhipatiyā pañca, anantare cattāri, samanantare cattāri,	▁hetuyā ▁nava ▁ārammaṇe ▁cattāri ▁ adhipatiyā ▁pañca ▁anantar e ▁cattāri ▁sam an antare ▁cattāri
PA_patthana_3.2:104.1_1	sahajāte nava, aññamaññe cha …pe… purejāte dve, āsevane dve, kamme nava, vipāke nava	▁sahajāt e ▁nava ▁aññamaññ e ▁cha ▁pe ▁purejāt e ▁dve ▁āsevan e ▁dve ▁kamm e ▁nava ▁vipāk e ▁nava
PA_patthana_3.2:104.1_2	…pe… magge nava, sampayutte cattāri, vippayutte nava …pe… avigate nava. (Saṅkhittaṁ.)	▁pe ▁magg e ▁nava ▁sampayutt e ▁cattāri ▁ vippayutt e ▁nava ▁pe ▁avigate ▁nava ▁saṃkhittaṃ
PA_patthana_3.2:105.0	Nahetu-naārammaṇa	▁nahetu na ārammaṇ a
PA_patthana_3.2:105.1	Hetuvippayuttaṁ abyākataṁ dhammaṁ paṭicca hetuvippayutto abyākato dhammo uppajjati nahetupaccayā.	▁hetu vippayutt aṃ ▁abyākat aṃ ▁dhammaṃ ▁paṭicca ▁hetu vippayutt o ▁abyākat o ▁dhammo ▁uppajjati ▁nahetupaccayā
PA_patthana_3.2:106.1	Hetusampayuttaṁ abyākataṁ dhammaṁ paṭicca hetuvippayutto abyākato dhammo uppajjati naārammaṇapaccayā. (Saṅkhittaṁ.)	▁hetu sampayutta ṃ ▁abyākat aṃ ▁dhammaṃ ▁paṭicca ▁hetu vippayutt o ▁abyākat o ▁dhammo ▁uppajjati ▁na ārammaṇ apaccayā ▁saṃkhittaṃ
PA_patthana_3.2:107.1_0	Nahetuyā ekaṁ, naārammaṇe tīṇi, naadhipatiyā nava, naanantare tīṇi, nasamanantare	▁nahetu yā ▁ekaṃ ▁na ārammaṇ e ▁tīṇi ▁na adhipatiyā ▁nava ▁na an antare ▁tīṇi ▁nasamanantar e
PA_patthana_3.2:107.1_1	tīṇi, naaññamaññe tīṇi, naupanissaye tīṇi, napurejāte nava, napacchājāte nava, naāsevane	▁tīṇi ▁na a ññ amaññ e ▁tīṇi ▁naupanissaye ▁tīṇi ▁napurejāte ▁nava ▁napacchājāte ▁nava ▁naāsevane
PA_patthana_3.2:107.1_2	nava, nakamme dve, navipāke pañca, naāhāre ekaṁ, naindriye ekaṁ, najhāne ekaṁ, namagge	▁nava ▁na kamm e ▁dve ▁navipāke ▁pañca ▁na ā hār e ▁ekaṃ ▁na indriy e ▁ekaṃ ▁ najhāne ▁ekaṃ ▁na magge
PA_patthana_3.2:107.1_3	ekaṁ, nasampayutte tīṇi, navippayutte dve, nonatthiyā tīṇi, novigate tīṇi. (Saṅkhittaṁ.)	▁ekaṃ ▁na sampayutte ▁tīṇi ▁navippayutte ▁dve ▁no natthiyā ▁tīṇi ▁novigate ▁tīṇi ▁saṃkhittaṃ
PA_patthana_3.2:108.1	Hetupaccayā naārammaṇe tīṇi. (Saṅkhittaṁ.)	▁hetupaccayā ▁na ārammaṇ e ▁tīṇi ▁saṃkhittaṃ
PA_patthana_3.2:109.1	Nahetupaccayā ārammaṇe ekaṁ. (Saṅkhittaṁ.)	▁nahetupaccayā ▁ārammaṇe ▁ekaṃ ▁saṃkhittaṃ
PA_patthana_3.2:110.1	(Sahajātavāropi paccayavāropi nissayavāropi saṁsaṭṭhavāropi sampayuttavāropi paṭiccavārasadisā vitthāretabbā.)	▁sahajātavār opi ▁paccay avāro pi ▁nissay avāro pi ▁ saṃsaṭṭh avāro pi ▁sampayutt avāro pi ▁paṭicca vā r asadis ā ▁vitthār etabbā
PA_patthana_3.2:111.0.1	3.2.3.3.7. Pañhāvāra	▁pañhāvār a
PA_patthana_3.2:111.0.2	Paccayacatukka	▁paccay acatukk a
PA_patthana_3.2:111.0.3	Hetu-ārammaṇa	▁hetu ārammaṇ a
PA_patthana_3.2:111.1	Hetusampayutto abyākato dhammo hetusampayuttassa abyākatassa dhammassa hetupaccayena paccayo … tīṇi.	▁hetu sam pa yutto ▁abyākat o ▁dhammo ▁hetu sampayutta ssa ▁abyākat assa ▁dhammassa ▁hetupaccay ena ▁paccayo ▁tīṇi
PA_patthana_3.2:112.1	Hetusampayutto abyākato dhammo hetusampayuttassa abyākatassa dhammassa ārammaṇapaccayena paccayo. (Saṅkhittaṁ.)	▁hetu sam pa yutto ▁abyākat o ▁dhammo ▁hetu sampayutta ssa ▁abyākat assa ▁dhammassa ▁ārammaṇapaccay ena ▁paccayo ▁saṃkhittaṃ
PA_patthana_3.2:113.1_0	Hetuyā tīṇi, ārammaṇe cattāri, adhipatiyā cattāri, anantare cattāri, samanantare	▁hetuyā ▁tīṇi ▁ārammaṇe ▁cattāri ▁ adhipatiyā ▁cattāri ▁anantar e ▁cattāri ▁sam an antare
PA_patthana_3.2:113.1_1	cattāri, sahajāte satta, aññamaññe cha, nissaye satta, upanissaye cattāri, purejāte	▁cattāri ▁sahajāt e ▁satta ▁aññamaññ e ▁cha ▁nissay e ▁satta ▁upanissaye ▁cattāri ▁purejāt e
PA_patthana_3.2:113.1_2	pacchājāte āsevane dve, kamme cattāri, vipāke cattāri, āhāre indriye jhāne cattāri,	▁pacchā jāt e ▁āsevan e ▁dve ▁kamm e ▁cattāri ▁vipāk e ▁cattāri ▁āhār e ▁indriy e ▁jhān e ▁cattāri
PA_patthana_3.2:113.1_3	magge tīṇi, sampayutte dve, vippayutte tīṇi …pe… avigate satta. (Saṅkhittaṁ.)	▁magg e ▁tīṇi ▁sampayutt e ▁dve ▁ vippayutt e ▁tīṇi ▁pe ▁avigate ▁satta ▁saṃkhittaṃ
PA_patthana_3.2:114.0	Paccanīyuddhāra	▁pacc anīy uddhār a
PA_patthana_3.2:114.1	Hetusampayutto abyākato dhammo hetusampayuttassa abyākatassa dhammassa ārammaṇapaccayena paccayo … sahajātapaccayena paccayo … upanissayapaccayena paccayo.	▁hetu sam pa yutto ▁abyākat o ▁dhammo ▁hetu sampayutta ssa ▁abyākat assa ▁dhammassa ▁ārammaṇapaccay ena ▁paccayo ▁sahajātapaccay ena ▁paccayo ▁upa nissayapaccayena ▁paccayo
PA_patthana_3.2:115.1	Nahetuyā satta, naārammaṇe satta. (Saṅkhittaṁ.)	▁nahetu yā ▁satta ▁na ārammaṇ e ▁satta ▁saṃkhittaṃ
PA_patthana_3.2:116.1	Hetupaccayā naārammaṇe tīṇi. (Saṅkhittaṁ.)	▁hetupaccayā ▁na ārammaṇ e ▁tīṇi ▁saṃkhittaṃ
PA_patthana_3.2:117.1	Nahetupaccayā ārammaṇe cattāri. (Saṅkhittaṁ.)	▁nahetupaccayā ▁ārammaṇe ▁cattāri ▁saṃkhittaṃ
PA_patthana_3.2:118.1	(Yathā kusalattike pañhāvārassa anulomampi paccanīyampi anulomapaccanīyampi paccanīyānulomampi gaṇitaṁ, evaṁ gaṇetabbaṁ.)	▁yathā ▁kusal att ike ▁pañhāvār assa ▁anulom ampi ▁pacc anīy ampi ▁a nulomapaccanīya mpi ▁pacc anīy ānulom ampi ▁gaṇ itaṃ ▁evaṃ ▁gaṇ etabbaṃ
PA_patthana_3.2:119.1	Hetusampayuttadukakusalattikaṁ niṭṭhitaṁ.	▁hetu sampayutta d uk akusal attika ṃ ▁niṭṭhitaṃ
PA_patthana_3.2:120.0.1	3.2.4. Hetusahetukaduka, Kusalattika	▁hetu s ahetu k aduk a ▁kusal attika
PA_patthana_3.2:120.0.2	3.2.4.1. Kusalapada	▁kusal apad a
PA_patthana_3.2:120.0.3	3.2.4.1.1–6 Paṭiccādivāra	▁paṭ iccādi vā ra
PA_patthana_3.2:120.0.4	Paccayacatukka	▁paccay acatukk a
PA_patthana_3.2:120.0.5	Hetu	▁hetu
PA_patthana_3.2:120.1	Hetuñceva sahetukañca kusalaṁ dhammaṁ paṭicca hetu ceva sahetuko ca kusalo dhammo uppajjati hetupaccayā … tīṇi.	▁hetu ñc eva ▁sahetuk añca ▁kusalaṃ ▁dhammaṃ ▁paṭicca ▁hetu ▁ceva ▁sahetuk o ▁ca ▁kusal o ▁dhammo ▁uppajjati ▁hetupaccayā ▁tīṇi
PA_patthana_3.2:121.1	Sahetukañceva na ca hetuṁ kusalaṁ dhammaṁ paṭicca sahetuko ceva na ca hetu kusalo dhammo uppajjati hetupaccayā … tīṇi.	▁sahetuk añceva ▁na ▁ca ▁hetu ṃ ▁kusalaṃ ▁dhammaṃ ▁paṭicca ▁sahetuk o ▁ceva ▁na ▁ca ▁hetu ▁kusal o ▁dhammo ▁uppajjati ▁hetupaccayā ▁tīṇi
PA_patthana_3.2:122.1	Hetuñceva sahetukañca kusalañca sahetukañceva na ca hetuṁ kusalañca dhammaṁ paṭicca hetu ceva sahetuko ca kusalo dhammo uppajjati hetupaccayā … tīṇi. (Saṅkhittaṁ.)	▁hetu ñc eva ▁sahetuk añca ▁kusal añca ▁sahetuk añceva ▁na ▁ca ▁hetu ṃ ▁kusal añca ▁dhammaṃ ▁paṭicca ▁hetu ▁ceva ▁sahetuk o ▁ca ▁kusal o ▁dhammo ▁uppajjati ▁hetupaccayā ▁tīṇi ▁saṃkhittaṃ
PA_patthana_3.2:123.1	Hetuyā nava, ārammaṇe nava …pe… kamme nava, āhāre nava …pe… avigate nava. (Saṅkhittaṁ.)	▁hetuyā ▁nava ▁ārammaṇe ▁nava ▁pe ▁kamm e ▁nava ▁āhār e ▁nava ▁pe ▁avigate ▁nava ▁saṃkhittaṃ
PA_patthana_3.2:124.0	Naadhipati	▁na a dhi pati
PA_patthana_3.2:124.1	Hetuñceva sahetukañca kusalaṁ dhammaṁ paṭicca hetu ceva sahetuko ca kusalo dhammo uppajjati naadhipatipaccayā. (Saṅkhittaṁ.)	▁hetu ñc eva ▁sahetuk añca ▁kusalaṃ ▁dhammaṃ ▁paṭicca ▁hetu ▁ceva ▁sahetuk o ▁ca ▁kusal o ▁dhammo ▁uppajjati ▁na a dhi pati paccayā ▁saṃkhittaṃ
PA_patthana_3.2:125.1	Naadhipatiyā nava, napurejāte nava, napacchājāte nava, naāsevane nava, nakamme tīṇi, navipāke nava, navippayutte nava. (Saṅkhittaṁ.)	▁na adhipatiyā ▁nava ▁napurejāte ▁nava ▁napacchājāte ▁nava ▁naāsevane ▁nava ▁na kamm e ▁tīṇi ▁navipāke ▁nava ▁navippayutte ▁nava ▁saṃkhittaṃ
PA_patthana_3.2:126.1	Hetupaccayā naadhipatiyā nava. (Saṅkhittaṁ.)	▁hetupaccayā ▁na adhipatiyā ▁nava ▁saṃkhittaṃ
PA_patthana_3.2:127.1	Naadhipatipaccayā hetuyā nava. (Saṅkhittaṁ.)	▁na a dhi pati paccayā ▁hetuyā ▁nava ▁saṃkhittaṃ
PA_patthana_3.2:128.1	(Sahajātavāropi paccayavāropi nissayavāropi saṁsaṭṭhavāropi sampayuttavāropi paṭiccavārasadisā vitthāretabbā.)	▁sahajātavār opi ▁paccay avāro pi ▁nissay avāro pi ▁ saṃsaṭṭh avāro pi ▁sampayutt avāro pi ▁paṭicca vā r asadis ā ▁vitthār etabbā
PA_patthana_3.2:129.0.1	3.2.4.1.7. Pañhāvāra	▁pañhāvār a
PA_patthana_3.2:129.0.2	Paccayacatukka	▁paccay acatukk a
PA_patthana_3.2:129.0.3	Hetu	▁hetu
PA_patthana_3.2:129.1	Hetu ceva sahetuko ca kusalo dhammo hetussa ceva sahetukassa ca kusalassa dhammassa hetupaccayena paccayo. (Saṅkhittaṁ.)	▁hetu ▁ceva ▁sahetuk o ▁ca ▁kusal o ▁dhammo ▁hetu ssa ▁ceva ▁sahetuk assa ▁ca ▁kusal assa ▁dhammassa ▁hetupaccay ena ▁paccayo ▁saṃkhittaṃ
PA_patthana_3.2:130.1_0	Hetuyā tīṇi, ārammaṇe nava, adhipatiyā nava, anantare nava, samanantare nava, sahajāte	▁hetuyā ▁tīṇi ▁ārammaṇe ▁nava ▁ adhipatiyā ▁nava ▁anantar e ▁nava ▁sam an antare ▁nava ▁sahajāt e
PA_patthana_3.2:130.1_1	nava, aññamaññe nava, nissaye nava, upanissaye nava, āsevane nava, kamme tīṇi, āhāre	▁nava ▁aññamaññ e ▁nava ▁nissay e ▁nava ▁upanissaye ▁nava ▁āsevan e ▁nava ▁kamm e ▁tīṇi ▁āhār e
PA_patthana_3.2:130.1_2	tīṇi, indriye nava, jhāne tīṇi, magge sampayutte nava …pe… avigate nava. (Saṅkhittaṁ.)	▁tīṇi ▁indriy e ▁nava ▁jhān e ▁tīṇi ▁magg e ▁sampayutt e ▁nava ▁pe ▁avigate ▁nava ▁saṃkhittaṃ
PA_patthana_3.2:131.0	Paccanīyuddhāra	▁pacc anīy uddhār a
PA_patthana_3.2:131.1_0	Hetu ceva sahetuko ca kusalo dhammo hetussa ceva sahetukassa ca kusalassa dhammassa	▁hetu ▁ceva ▁sahetuk o ▁ca ▁kusal o ▁dhammo ▁hetu ssa ▁ceva ▁sahetuk assa ▁ca ▁kusal assa ▁dhammassa
PA_patthana_3.2:131.1_1	ārammaṇapaccayena paccayo … sahajātapaccayena paccayo … upanissayapaccayena paccayo. (Saṅkhittaṁ.)	▁ārammaṇapaccay ena ▁paccayo ▁sahajātapaccay ena ▁paccayo ▁upa nissayapaccayena ▁paccayo ▁saṃkhittaṃ
PA_patthana_3.2:132.1	Nahetuyā nava, naārammaṇe nava. (Saṅkhittaṁ.)	▁nahetu yā ▁nava ▁na ārammaṇ e ▁nava ▁saṃkhittaṃ
PA_patthana_3.2:133.1	Hetupaccayā naārammaṇe tīṇi. (Saṅkhittaṁ.)	▁hetupaccayā ▁na ārammaṇ e ▁tīṇi ▁saṃkhittaṃ
PA_patthana_3.2:134.1	Nahetupaccayā ārammaṇe nava. (Saṅkhittaṁ.)	▁nahetupaccayā ▁ārammaṇe ▁nava ▁saṃkhittaṃ
PA_patthana_3.2:135.1	(Yathā kusalattike pañhāvārassa anulomampi paccanīyampi anulomapaccanīyampi paccanīyānulomampi gaṇitaṁ, evaṁ gaṇetabbaṁ.)	▁yathā ▁kusal att ike ▁pañhāvār assa ▁anulom ampi ▁pacc anīy ampi ▁a nulomapaccanīya mpi ▁pacc anīy ānulom ampi ▁gaṇ itaṃ ▁evaṃ ▁gaṇ etabbaṃ
PA_patthana_3.2:136.0.1	3.2.4.2. Akusalapada	▁akusal apad a
PA_patthana_3.2:136.0.2	3.2.4.2.1–6 Paṭiccādivāra	▁paṭ iccādi vā ra
PA_patthana_3.2:136.0.3	Paccayacatukka	▁paccay acatukk a
PA_patthana_3.2:136.0.4	Hetu	▁hetu
PA_patthana_3.2:136.1	Hetuñceva sahetukañca akusalaṁ dhammaṁ paṭicca hetu ceva sahetuko ca akusalo dhammo uppajjati hetupaccayā. (Saṅkhittaṁ.)	▁hetu ñc eva ▁sahetuk añca ▁akusal aṃ ▁dhammaṃ ▁paṭicca ▁hetu ▁ceva ▁sahetuk o ▁ca ▁akusal o ▁dhammo ▁uppajjati ▁hetupaccayā ▁saṃkhittaṃ
PA_patthana_3.2:137.1	Hetuyā nava, ārammaṇe nava …pe… kamme nava, āhāre nava …pe… avigate nava. (Saṅkhittaṁ.)	▁hetuyā ▁nava ▁ārammaṇe ▁nava ▁pe ▁kamm e ▁nava ▁āhār e ▁nava ▁pe ▁avigate ▁nava ▁saṃkhittaṃ
PA_patthana_3.2:138.0	Naadhipati	▁na a dhi pati
PA_patthana_3.2:138.1	Hetuñceva sahetukañca akusalaṁ dhammaṁ paṭicca hetu ceva sahetuko ca akusalo dhammo uppajjati naadhipatipaccayā … nava. (Saṅkhittaṁ.)	▁hetu ñc eva ▁sahetuk añca ▁akusal aṃ ▁dhammaṃ ▁paṭicca ▁hetu ▁ceva ▁sahetuk o ▁ca ▁akusal o ▁dhammo ▁uppajjati ▁na a dhi pati paccayā ▁nava ▁saṃkhittaṃ
PA_patthana_3.2:139.1	Naadhipatiyā nava, napurejāte nava, napacchājāte nava, naāsevane nava, nakamme tīṇi, navipāke nava, navippayutte nava. (Saṅkhittaṁ.)	▁na adhipatiyā ▁nava ▁napurejāte ▁nava ▁napacchājāte ▁nava ▁naāsevane ▁nava ▁na kamm e ▁tīṇi ▁navipāke ▁nava ▁navippayutte ▁nava ▁saṃkhittaṃ
PA_patthana_3.2:140.1	Hetupaccayā naadhipatiyā nava. (Saṅkhittaṁ.)	▁hetupaccayā ▁na adhipatiyā ▁nava ▁saṃkhittaṃ
PA_patthana_3.2:141.1	Naadhipatipaccayā hetuyā nava. (Saṅkhittaṁ.)	▁na a dhi pati paccayā ▁hetuyā ▁nava ▁saṃkhittaṃ
PA_patthana_3.2:142.1	(Sahajātavāropi paccayavāropi nissayavāropi saṁsaṭṭhavāropi sampayuttavāropi paṭiccavārasadisā vitthāretabbā.)	▁sahajātavār opi ▁paccay avāro pi ▁nissay avāro pi ▁ saṃsaṭṭh avāro pi ▁sampayutt avāro pi ▁paṭicca vā r asadis ā ▁vitthār etabbā
PA_patthana_3.2:143.0.1	3.2.4.2.7. Pañhāvāra	▁pañhāvār a
PA_patthana_3.2:143.0.2	Paccayacatukka	▁paccay acatukk a
PA_patthana_3.2:143.0.3	Hetu	▁hetu
PA_patthana_3.2:143.1	Hetu ceva sahetuko ca akusalo dhammo hetussa ceva sahetukassa ca akusalassa dhammassa hetupaccayena paccayo. (Saṅkhittaṁ.)	▁hetu ▁ceva ▁sahetuk o ▁ca ▁akusal o ▁dhammo ▁hetu ssa ▁ceva ▁sahetuk assa ▁ca ▁akusal assa ▁dhammassa ▁hetupaccay ena ▁paccayo ▁saṃkhittaṃ
PA_patthana_3.2:144.1	Hetuyā tīṇi, ārammaṇe nava …pe… āsevane nava, kamme tīṇi, āhāre tīṇi, indriye jhāne magge tīṇi, sampayutte nava …pe… avigate nava. (Saṅkhittaṁ.)	▁hetuyā ▁tīṇi ▁ārammaṇe ▁nava ▁pe ▁āsevan e ▁nava ▁kamm e ▁tīṇi ▁āhār e ▁tīṇi ▁indriy e ▁jhān e ▁magg e ▁tīṇi ▁sampayutt e ▁nava ▁pe ▁avigate ▁nava ▁saṃkhittaṃ
PA_patthana_3.2:145.0	Paccanīyuddhāra	▁pacc anīy uddhār a
PA_patthana_3.2:145.1	Hetu ceva sahetuko ca akusalo dhammo hetussa ceva sahetukassa ca akusalassa dhammassa ārammaṇapaccayena paccayo … sahajātapaccayena paccayo … upanissayapaccayena paccayo.	▁hetu ▁ceva ▁sahetuk o ▁ca ▁akusal o ▁dhammo ▁hetu ssa ▁ceva ▁sahetuk assa ▁ca ▁akusal assa ▁dhammassa ▁ārammaṇapaccay ena ▁paccayo ▁sahajātapaccay ena ▁paccayo ▁upa nissayapaccayena ▁paccayo
PA_patthana_3.2:146.1	Nahetuyā nava, naārammaṇe nava …pe… noavigate nava. (Saṅkhittaṁ.)	▁nahetu yā ▁nava ▁na ārammaṇ e ▁nava ▁pe ▁no avi gat e ▁nava ▁saṃkhittaṃ
PA_patthana_3.2:147.1	Hetupaccayā naārammaṇe tīṇi. (Saṅkhittaṁ.)	▁hetupaccayā ▁na ārammaṇ e ▁tīṇi ▁saṃkhittaṃ
PA_patthana_3.2:148.1	Nahetupaccayā ārammaṇe nava. (Saṅkhittaṁ.)	▁nahetupaccayā ▁ārammaṇe ▁nava ▁saṃkhittaṃ
PA_patthana_3.2:149.1	(Yathā kusalattike pañhāvārassa anulomampi paccanīyampi anulomapaccanīyampi paccanīyānulomampi gaṇitaṁ, evaṁ gaṇetabbaṁ.)	▁yathā ▁kusal att ike ▁pañhāvār assa ▁anulom ampi ▁pacc anīy ampi ▁a nulomapaccanīya mpi ▁pacc anīy ānulom ampi ▁gaṇ itaṃ ▁evaṃ ▁gaṇ etabbaṃ
PA_patthana_3.2:150.0.1	3.2.4.3. Abyākatapada	▁abyākat apad a
PA_patthana_3.2:150.0.2	3.2.4.3.1–6 Paṭiccādivāra	▁paṭ iccādi vā ra
PA_patthana_3.2:150.0.3	Paccayacatukka	▁paccay acatukk a
PA_patthana_3.2:150.0.4	Hetu	▁hetu
PA_patthana_3.2:150.1	Hetuñceva sahetukañca abyākataṁ dhammaṁ paṭicca hetu ceva sahetuko ca abyākato dhammo uppajjati hetupaccayā. (Saṅkhittaṁ.)	▁hetu ñc eva ▁sahetuk añca ▁abyākat aṃ ▁dhammaṃ ▁paṭicca ▁hetu ▁ceva ▁sahetuk o ▁ca ▁abyākat o ▁dhammo ▁uppajjati ▁hetupaccayā ▁saṃkhittaṃ
PA_patthana_3.2:151.1	Hetuyā nava, ārammaṇe nava …pe… kamme nava, vipāke nava …pe… avigate nava. (Saṅkhittaṁ.)	▁hetuyā ▁nava ▁ārammaṇe ▁nava ▁pe ▁kamm e ▁nava ▁vipāk e ▁nava ▁pe ▁avigate ▁nava ▁saṃkhittaṃ
PA_patthana_3.2:152.0	Naadhipati	▁na a dhi pati
PA_patthana_3.2:152.1	Hetuñceva sahetukañca abyākataṁ dhammaṁ paṭicca hetu ceva sahetuko ca abyākato dhammo uppajjati naadhipatipaccayā. (Saṅkhittaṁ.)	▁hetu ñc eva ▁sahetuk añca ▁abyākat aṃ ▁dhammaṃ ▁paṭicca ▁hetu ▁ceva ▁sahetuk o ▁ca ▁abyākat o ▁dhammo ▁uppajjati ▁na a dhi pati paccayā ▁saṃkhittaṃ
PA_patthana_3.2:153.1	Naadhipatiyā nava, napurejāte nava, napacchājāte nava, naāsevane nava, nakamme tīṇi, navipāke nava, navippayutte nava. (Saṅkhittaṁ.)	▁na adhipatiyā ▁nava ▁napurejāte ▁nava ▁napacchājāte ▁nava ▁naāsevane ▁nava ▁na kamm e ▁tīṇi ▁navipāke ▁nava ▁navippayutte ▁nava ▁saṃkhittaṃ
PA_patthana_3.2:154.1	Hetupaccayā naadhipatiyā nava. (Saṅkhittaṁ.)	▁hetupaccayā ▁na adhipatiyā ▁nava ▁saṃkhittaṃ
PA_patthana_3.2:155.1	Naadhipatipaccayā hetuyā nava. (Saṅkhittaṁ.)	▁na a dhi pati paccayā ▁hetuyā ▁nava ▁saṃkhittaṃ
PA_patthana_3.2:156.1	(Sahajātavāropi paccayavāropi nissayavāropi saṁsaṭṭhavāropi sampayuttavāropi paṭiccavārasadisā vitthāretabbā.)	▁sahajātavār opi ▁paccay avāro pi ▁nissay avāro pi ▁ saṃsaṭṭh avāro pi ▁sampayutt avāro pi ▁paṭicca vā r asadis ā ▁vitthār etabbā
PA_patthana_3.2:157.0.1	3.2.4.3.7. Pañhāvāra	▁pañhāvār a
PA_patthana_3.2:157.0.2	Paccayacatukka	▁paccay acatukk a
PA_patthana_3.2:157.0.3	Hetu	▁hetu
PA_patthana_3.2:157.1	Hetu ceva sahetuko ca abyākato dhammo hetussa ceva sahetukassa ca abyākatassa dhammassa hetupaccayena paccayo. (Saṅkhittaṁ.)	▁hetu ▁ceva ▁sahetuk o ▁ca ▁abyākat o ▁dhammo ▁hetu ssa ▁ceva ▁sahetuk assa ▁ca ▁abyākat assa ▁dhammassa ▁hetupaccay ena ▁paccayo ▁saṃkhittaṃ
PA_patthana_3.2:158.1_0	Hetuyā tīṇi, ārammaṇe nava, adhipatiyā nava, anantare nava, samanantare nava, sahajāte	▁hetuyā ▁tīṇi ▁ārammaṇe ▁nava ▁ adhipatiyā ▁nava ▁anantar e ▁nava ▁sam an antare ▁nava ▁sahajāt e
PA_patthana_3.2:158.1_1	nava, aññamaññe nava, nissaye nava, upanissaye nava, āsevane nava, kamme tīṇi, vipāke	▁nava ▁aññamaññ e ▁nava ▁nissay e ▁nava ▁upanissaye ▁nava ▁āsevan e ▁nava ▁kamm e ▁tīṇi ▁vipāk e
PA_patthana_3.2:158.1_2	nava, āhāre tīṇi, indriye nava, jhāne tīṇi, magge sampayutte nava …pe… avigate nava. (Saṅkhittaṁ.)	▁nava ▁āhār e ▁tīṇi ▁indriy e ▁nava ▁jhān e ▁tīṇi ▁magg e ▁sampayutt e ▁nava ▁pe ▁avigate ▁nava ▁saṃkhittaṃ
PA_patthana_3.2:159.0	Paccanīyuddhāra	▁pacc anīy uddhār a
PA_patthana_3.2:159.1_0	Hetu ceva sahetuko ca abyākato dhammo hetussa ceva sahetukassa ca abyākatassa dhammassa	▁hetu ▁ceva ▁sahetuk o ▁ca ▁abyākat o ▁dhammo ▁hetu ssa ▁ceva ▁sahetuk assa ▁ca ▁abyākat assa ▁dhammassa
PA_patthana_3.2:159.1_1	ārammaṇapaccayena paccayo … sahajātapaccayena paccayo … upanissayapaccayena paccayo. (Saṅkhittaṁ.)	▁ārammaṇapaccay ena ▁paccayo ▁sahajātapaccay ena ▁paccayo ▁upa nissayapaccayena ▁paccayo ▁saṃkhittaṃ
PA_patthana_3.2:160.1	Nahetuyā nava, naārammaṇe nava. (Saṅkhittaṁ.)	▁nahetu yā ▁nava ▁na ārammaṇ e ▁nava ▁saṃkhittaṃ
PA_patthana_3.2:161.1	Hetupaccayā naārammaṇe tīṇi. (Saṅkhittaṁ.)	▁hetupaccayā ▁na ārammaṇ e ▁tīṇi ▁saṃkhittaṃ
PA_patthana_3.2:162.1	Nahetupaccayā ārammaṇe nava. (Saṅkhittaṁ.)	▁nahetupaccayā ▁ārammaṇe ▁nava ▁saṃkhittaṃ
PA_patthana_3.2:163.1	(Yathā kusalattike pañhāvārassa anulomampi paccanīyampi anulomapaccanīyampi paccanīyānulomampi gaṇitaṁ, evaṁ gaṇetabbaṁ.)	▁yathā ▁kusal att ike ▁pañhāvār assa ▁anulom ampi ▁pacc anīy ampi ▁a nulomapaccanīya mpi ▁pacc anīy ānulom ampi ▁gaṇ itaṃ ▁evaṃ ▁gaṇ etabbaṃ
PA_patthana_3.2:164.1	Hetusahetukadukakusalattikaṁ niṭṭhitaṁ.	▁hetu s ahetu k aduk akusal attika ṃ ▁niṭṭhitaṃ
PA_patthana_3.2:165.0.1	3.2.5. Hetuhetusampayuttaduka, Pañhāvāra	▁hetu hetu sampayutta du ka ▁pañhāvār a
PA_patthana_3.2:165.0.2	3.2.5.1. Kusalapada	▁kusal apad a
PA_patthana_3.2:165.0.3	3.2.5.1.1–6 Paṭiccādivāra	▁paṭ iccādi vā ra
PA_patthana_3.2:165.0.4	Paccayacatukka	▁paccay acatukk a
PA_patthana_3.2:165.0.5	Hetu	▁hetu
PA_patthana_3.2:165.1_0	Hetuñceva hetusampayuttañca kusalaṁ dhammaṁ paṭicca hetu ceva hetusampayutto ca kusalo	▁hetu ñc eva ▁hetu sampayutta ñca ▁kusalaṃ ▁dhammaṃ ▁paṭicca ▁hetu ▁ceva ▁hetu sam pa yutto ▁ca ▁kusal o
PA_patthana_3.2:165.1_1	dhammo uppajjati hetupaccayā. Hetuñceva hetusampayuttañca kusalaṁ dhammaṁ paṭicca	▁dhammo ▁uppajjati ▁hetupaccayā ▁hetu ñc eva ▁hetu sampayutta ñca ▁kusalaṃ ▁dhammaṃ ▁paṭicca
PA_patthana_3.2:165.1_2	hetusampayutto ceva na ca hetu kusalo dhammo uppajjati hetupaccayā. (Saṅkhittaṁ.)	▁hetu sam pa yutto ▁ceva ▁na ▁ca ▁hetu ▁kusal o ▁dhammo ▁uppajjati ▁hetupaccayā ▁saṃkhittaṃ
PA_patthana_3.2:166.1	Hetuyā nava, ārammaṇe nava …pe… avigate nava. (Saṅkhittaṁ.)	▁hetuyā ▁nava ▁ārammaṇe ▁nava ▁pe ▁avigate ▁nava ▁saṃkhittaṃ
PA_patthana_3.2:167.0	Naadhipati	▁na a dhi pati
PA_patthana_3.2:167.1	Hetuñceva hetusampayuttañca kusalaṁ dhammaṁ paṭicca hetu ceva hetusampayutto ca kusalo dhammo uppajjati naadhipatipaccayā. (Saṅkhittaṁ.)	▁hetu ñc eva ▁hetu sampayutta ñca ▁kusalaṃ ▁dhammaṃ ▁paṭicca ▁hetu ▁ceva ▁hetu sam pa yutto ▁ca ▁kusal o ▁dhammo ▁uppajjati ▁na a dhi pati paccayā ▁saṃkhittaṃ
PA_patthana_3.2:168.1	Naadhipatiyā nava, napurejāte nava, napacchājāte nava, naāsevane nava, nakamme tīṇi, navipāke nava, navippayutte nava. (Saṅkhittaṁ.)	▁na adhipatiyā ▁nava ▁napurejāte ▁nava ▁napacchājāte ▁nava ▁naāsevane ▁nava ▁na kamm e ▁tīṇi ▁navipāke ▁nava ▁navippayutte ▁nava ▁saṃkhittaṃ
PA_patthana_3.2:169.1	Hetupaccayā naadhipatiyā nava. (Saṅkhittaṁ.)	▁hetupaccayā ▁na adhipatiyā ▁nava ▁saṃkhittaṃ
PA_patthana_3.2:170.1	Adhipatipaccayā hetuyā nava. (Saṅkhittaṁ.)	▁adhipatipaccay ā ▁hetuyā ▁nava ▁saṃkhittaṃ
PA_patthana_3.2:171.1	(Sahajātavāropi paccayavāropi nissayavāropi saṁsaṭṭhavāropi sampayuttavāropi paṭiccavārasadisā vitthāretabbā.)	▁sahajātavār opi ▁paccay avāro pi ▁nissay avāro pi ▁ saṃsaṭṭh avāro pi ▁sampayutt avāro pi ▁paṭicca vā r asadis ā ▁vitthār etabbā
PA_patthana_3.2:172.0.1	3.2.5.1.7. Pañhāvāra	▁pañhāvār a
PA_patthana_3.2:172.0.2	Paccayacatukka	▁paccay acatukk a
PA_patthana_3.2:172.0.3	Hetu	▁hetu
PA_patthana_3.2:172.1	Hetu ceva hetusampayutto ca kusalo dhammo hetussa ceva hetusampayuttassa ca kusalassa dhammassa hetupaccayena paccayo. (Saṅkhittaṁ.)	▁hetu ▁ceva ▁hetu sam pa yutto ▁ca ▁kusal o ▁dhammo ▁hetu ssa ▁ceva ▁hetu sampayutta ssa ▁ca ▁kusal assa ▁dhammassa ▁hetupaccay ena ▁paccayo ▁saṃkhittaṃ
PA_patthana_3.2:173.1_0	Hetuyā tīṇi, ārammaṇe nava, adhipatiyā nava, anantare nava …pe… āsevane nava, kamme	▁hetuyā ▁tīṇi ▁ārammaṇe ▁nava ▁ adhipatiyā ▁nava ▁anantar e ▁nava ▁pe ▁āsevan e ▁nava ▁kamm e
PA_patthana_3.2:173.1_1	tīṇi, āhāre tīṇi, indriye nava, jhāne tīṇi, magge sampayutte nava …pe… avigate nava. (Saṅkhittaṁ.)	▁tīṇi ▁āhār e ▁tīṇi ▁indriy e ▁nava ▁jhān e ▁tīṇi ▁magg e ▁sampayutt e ▁nava ▁pe ▁avigate ▁nava ▁saṃkhittaṃ
PA_patthana_3.2:174.0	Paccanīyuddhāra	▁pacc anīy uddhār a
PA_patthana_3.2:174.1_0	Hetu ceva hetusampayutto ca kusalo dhammo hetussa ceva hetusampayuttassa ca kusalassa	▁hetu ▁ceva ▁hetu sam pa yutto ▁ca ▁kusal o ▁dhammo ▁hetu ssa ▁ceva ▁hetu sampayutta ssa ▁ca ▁kusal assa
PA_patthana_3.2:174.1_1	dhammassa ārammaṇapaccayena paccayo … sahajātapaccayena paccayo … upanissayapaccayena	▁dhammassa ▁ārammaṇapaccay ena ▁paccayo ▁sahajātapaccay ena ▁paccayo ▁upa nissayapaccayena
PA_patthana_3.2:174.1_2	paccayo. (Saṅkhittaṁ.)	▁paccayo ▁saṃkhittaṃ
PA_patthana_3.2:175.1	Nahetuyā nava, naārammaṇe nava. (Saṅkhittaṁ.)	▁nahetu yā ▁nava ▁na ārammaṇ e ▁nava ▁saṃkhittaṃ
PA_patthana_3.2:176.1	Hetupaccayā naārammaṇe tīṇi. (Saṅkhittaṁ.)	▁hetupaccayā ▁na ārammaṇ e ▁tīṇi ▁saṃkhittaṃ
PA_patthana_3.2:177.1	Nahetupaccayā ārammaṇe nava. (Saṅkhittaṁ.)	▁nahetupaccayā ▁ārammaṇe ▁nava ▁saṃkhittaṃ
PA_patthana_3.2:178.1	(Yathā kusalattike pañhāvārassa anulomampi paccanīyampi anulomapaccanīyampi paccanīyānulomampi gaṇitaṁ, evaṁ gaṇetabbaṁ.)	▁yathā ▁kusal att ike ▁pañhāvār assa ▁anulom ampi ▁pacc anīy ampi ▁a nulomapaccanīya mpi ▁pacc anīy ānulom ampi ▁gaṇ itaṃ ▁evaṃ ▁gaṇ etabbaṃ
PA_patthana_3.2:179.0.1	3.2.5.2. Akusalapada	▁akusal apad a
PA_patthana_3.2:179.0.2	3.2.5.2.1–6 Paṭiccādivāra	▁paṭ iccādi vā ra
PA_patthana_3.2:179.0.3	Paccayacatukka	▁paccay acatukk a
PA_patthana_3.2:179.0.4	Hetu	▁hetu
PA_patthana_3.2:179.1	Hetuñceva hetusampayuttañca akusalaṁ dhammaṁ paṭicca hetu ceva hetusampayutto ca akusalo dhammo uppajjati hetupaccayā. (Saṅkhittaṁ.)	▁hetu ñc eva ▁hetu sampayutta ñca ▁akusal aṃ ▁dhammaṃ ▁paṭicca ▁hetu ▁ceva ▁hetu sam pa yutto ▁ca ▁akusal o ▁dhammo ▁uppajjati ▁hetupaccayā ▁saṃkhittaṃ
PA_patthana_3.2:180.1	Hetuyā nava, ārammaṇe nava …pe… avigate nava. (Saṅkhittaṁ.)	▁hetuyā ▁nava ▁ārammaṇe ▁nava ▁pe ▁avigate ▁nava ▁saṃkhittaṃ
PA_patthana_3.2:181.0	Naadhipati	▁na a dhi pati
PA_patthana_3.2:181.1	Hetuñceva hetusampayuttañca akusalaṁ dhammaṁ paṭicca hetu ceva hetusampayutto ca akusalo dhammo uppajjati naadhipatipaccayā. (Saṅkhittaṁ.)	▁hetu ñc eva ▁hetu sampayutta ñca ▁akusal aṃ ▁dhammaṃ ▁paṭicca ▁hetu ▁ceva ▁hetu sam pa yutto ▁ca ▁akusal o ▁dhammo ▁uppajjati ▁na a dhi pati paccayā ▁saṃkhittaṃ
PA_patthana_3.2:182.1	Naadhipatiyā nava, napurejāte nava, napacchājāte nava, naāsevane nava, nakamme tīṇi, navipāke nava, navippayutte nava. (Saṅkhittaṁ.)	▁na adhipatiyā ▁nava ▁napurejāte ▁nava ▁napacchājāte ▁nava ▁naāsevane ▁nava ▁na kamm e ▁tīṇi ▁navipāke ▁nava ▁navippayutte ▁nava ▁saṃkhittaṃ
PA_patthana_3.2:183.1	Hetupaccayā naadhipatiyā tīṇi. (Saṅkhittaṁ.)	▁hetupaccayā ▁na adhipatiyā ▁tīṇi ▁saṃkhittaṃ
PA_patthana_3.2:184.1	Naadhipatipaccayā hetuyā nava. (Saṅkhittaṁ.)	▁na a dhi pati paccayā ▁hetuyā ▁nava ▁saṃkhittaṃ
PA_patthana_3.2:185.1	(Sahajātavāropi paccayavāropi nissayavāropi saṁsaṭṭhavāropi sampayuttavāropi paṭiccavārasadisā vitthāretabbā.)	▁sahajātavār opi ▁paccay avāro pi ▁nissay avāro pi ▁ saṃsaṭṭh avāro pi ▁sampayutt avāro pi ▁paṭicca vā r asadis ā ▁vitthār etabbā
PA_patthana_3.2:186.0.1	3.2.5.2.7. Pañhāvāra	▁pañhāvār a
PA_patthana_3.2:186.0.2	Paccayacatukka	▁paccay acatukk a
PA_patthana_3.2:186.0.3	Hetu	▁hetu
PA_patthana_3.2:186.1	Hetu ceva hetusampayutto ca akusalo dhammo hetussa ceva hetusampayuttassa ca akusalassa dhammassa hetupaccayena paccayo. (Saṅkhittaṁ.)	▁hetu ▁ceva ▁hetu sam pa yutto ▁ca ▁akusal o ▁dhammo ▁hetu ssa ▁ceva ▁hetu sampayutta ssa ▁ca ▁akusal assa ▁dhammassa ▁hetupaccay ena ▁paccayo ▁saṃkhittaṃ
PA_patthana_3.2:187.1	Hetuyā tīṇi, ārammaṇe nava, adhipatiyā nava …pe… āsevane nava, kamme tīṇi, āhāre tīṇi, indriye jhāne magge tīṇi, sampayutte nava …pe… avigate nava. (Saṅkhittaṁ.)	▁hetuyā ▁tīṇi ▁ārammaṇe ▁nava ▁ adhipatiyā ▁nava ▁pe ▁āsevan e ▁nava ▁kamm e ▁tīṇi ▁āhār e ▁tīṇi ▁indriy e ▁jhān e ▁magg e ▁tīṇi ▁sampayutt e ▁nava ▁pe ▁avigate ▁nava ▁saṃkhittaṃ
PA_patthana_3.2:188.0	Paccanīyuddhāra	▁pacc anīy uddhār a
PA_patthana_3.2:188.1_0	Hetu ceva hetusampayutto ca akusalo dhammo hetussa ceva hetusampayuttassa ca akusalassa	▁hetu ▁ceva ▁hetu sam pa yutto ▁ca ▁akusal o ▁dhammo ▁hetu ssa ▁ceva ▁hetu sampayutta ssa ▁ca ▁akusal assa
PA_patthana_3.2:188.1_1	dhammassa ārammaṇapaccayena paccayo … sahajātapaccayena paccayo … upanissayapaccayena	▁dhammassa ▁ārammaṇapaccay ena ▁paccayo ▁sahajātapaccay ena ▁paccayo ▁upa nissayapaccayena
PA_patthana_3.2:188.1_2	paccayo. (Saṅkhittaṁ.)	▁paccayo ▁saṃkhittaṃ
PA_patthana_3.2:189.1	Nahetuyā nava, naārammaṇe nava. (Saṅkhittaṁ.)	▁nahetu yā ▁nava ▁na ārammaṇ e ▁nava ▁saṃkhittaṃ
PA_patthana_3.2:190.1	Hetupaccayā naārammaṇe tīṇi. (Saṅkhittaṁ.)	▁hetupaccayā ▁na ārammaṇ e ▁tīṇi ▁saṃkhittaṃ
PA_patthana_3.2:191.1	Nahetupaccayā ārammaṇe nava. (Saṅkhittaṁ.)	▁nahetupaccayā ▁ārammaṇe ▁nava ▁saṃkhittaṃ
PA_patthana_3.2:192.1	(Yathā kusalattike pañhāvārassa anulomampi paccanīyampi anulomapaccanīyampi paccanīyānulomampi gaṇitaṁ, evaṁ gaṇetabbaṁ.)	▁yathā ▁kusal att ike ▁pañhāvār assa ▁anulom ampi ▁pacc anīy ampi ▁a nulomapaccanīya mpi ▁pacc anīy ānulom ampi ▁gaṇ itaṃ ▁evaṃ ▁gaṇ etabbaṃ
PA_patthana_3.2:193.0.1	3.2.5.3. Abyākatapada	▁abyākat apad a
PA_patthana_3.2:193.0.2	3.2.5.3.1–6 Paṭiccādivāra	▁paṭ iccādi vā ra
PA_patthana_3.2:193.0.3	Paccayacatukka	▁paccay acatukk a
PA_patthana_3.2:193.0.4	Hetu	▁hetu
PA_patthana_3.2:193.1	Hetuñceva hetusampayuttañca abyākataṁ dhammaṁ paṭicca hetu ceva hetusampayutto ca abyākato dhammo uppajjati hetupaccayā. (Saṅkhittaṁ.)	▁hetu ñc eva ▁hetu sampayutta ñca ▁abyākat aṃ ▁dhammaṃ ▁paṭicca ▁hetu ▁ceva ▁hetu sam pa yutto ▁ca ▁abyākat o ▁dhammo ▁uppajjati ▁hetupaccayā ▁saṃkhittaṃ
PA_patthana_3.2:194.1	Hetuyā nava, ārammaṇe nava …pe… kamme nava, vipāke nava …pe… avigate nava. (Saṅkhittaṁ.)	▁hetuyā ▁nava ▁ārammaṇe ▁nava ▁pe ▁kamm e ▁nava ▁vipāk e ▁nava ▁pe ▁avigate ▁nava ▁saṃkhittaṃ
PA_patthana_3.2:195.0	Naadhipati	▁na a dhi pati
PA_patthana_3.2:195.1	Hetuñceva hetusampayuttañca abyākataṁ dhammaṁ paṭicca hetu ceva hetusampayutto ca abyākato dhammo uppajjati naadhipatipaccayā. (Saṅkhittaṁ.)	▁hetu ñc eva ▁hetu sampayutta ñca ▁abyākat aṃ ▁dhammaṃ ▁paṭicca ▁hetu ▁ceva ▁hetu sam pa yutto ▁ca ▁abyākat o ▁dhammo ▁uppajjati ▁na a dhi pati paccayā ▁saṃkhittaṃ
PA_patthana_3.2:196.1	Naadhipatiyā nava, napurejāte nava, napacchājāte nava, naāsevane nava, nakamme tīṇi, navipāke nava, navippayutte nava. (Saṅkhittaṁ.)	▁na adhipatiyā ▁nava ▁napurejāte ▁nava ▁napacchājāte ▁nava ▁naāsevane ▁nava ▁na kamm e ▁tīṇi ▁navipāke ▁nava ▁navippayutte ▁nava ▁saṃkhittaṃ
PA_patthana_3.2:197.1	Hetupaccayā naadhipatiyā nava. (Saṅkhittaṁ.)	▁hetupaccayā ▁na adhipatiyā ▁nava ▁saṃkhittaṃ
PA_patthana_3.2:198.1	Naadhipatipaccayā hetuyā nava. (Saṅkhittaṁ.)	▁na a dhi pati paccayā ▁hetuyā ▁nava ▁saṃkhittaṃ
PA_patthana_3.2:199.1	(Sahajātavāropi paccayavāropi nissayavāropi saṁsaṭṭhavāropi sampayuttavāropi paṭiccavārasadisā vitthāretabbā.)	▁sahajātavār opi ▁paccay avāro pi ▁nissay avāro pi ▁ saṃsaṭṭh avāro pi ▁sampayutt avāro pi ▁paṭicca vā r asadis ā ▁vitthār etabbā
PA_patthana_3.2:200.0.1	3.2.5.3.7. Pañhāvāra	▁pañhāvār a
PA_patthana_3.2:200.0.2	Paccayacatukka	▁paccay acatukk a
PA_patthana_3.2:200.0.3	Hetvādi	▁h etvā di
PA_patthana_3.2:200.1	Hetu ceva hetusampayutto ca abyākato dhammo hetussa ceva hetusampayuttassa ca abyākatassa dhammassa hetupaccayena paccayo. (Saṅkhittaṁ.)	▁hetu ▁ceva ▁hetu sam pa yutto ▁ca ▁abyākat o ▁dhammo ▁hetu ssa ▁ceva ▁hetu sampayutta ssa ▁ca ▁abyākat assa ▁dhammassa ▁hetupaccay ena ▁paccayo ▁saṃkhittaṃ
PA_patthana_3.2:201.1	Hetuyā tīṇi, ārammaṇe nava, adhipatiyā nava …pe… āsevane nava, kamme tīṇi, vipāke nava, āhāre tīṇi, indriye nava, jhāne tīṇi, magge sampayutte nava …pe… avigate nava. (Saṅkhittaṁ.)	▁hetuyā ▁tīṇi ▁ārammaṇe ▁nava ▁ adhipatiyā ▁nava ▁pe ▁āsevan e ▁nava ▁kamm e ▁tīṇi ▁vipāk e ▁nava ▁āhār e ▁tīṇi ▁indriy e ▁nava ▁jhān e ▁tīṇi ▁magg e ▁sampayutt e ▁nava ▁pe ▁avigate ▁nava ▁saṃkhittaṃ
PA_patthana_3.2:202.0	Paccanīyuddhāra	▁pacc anīy uddhār a
PA_patthana_3.2:202.1_0	Hetu ceva hetusampayutto ca abyākato dhammo hetussa ceva hetusampayuttassa ca abyākatassa	▁hetu ▁ceva ▁hetu sam pa yutto ▁ca ▁abyākat o ▁dhammo ▁hetu ssa ▁ceva ▁hetu sampayutta ssa ▁ca ▁abyākat assa
PA_patthana_3.2:202.1_1	dhammassa ārammaṇapaccayena paccayo … sahajātapaccayena paccayo … upanissayapaccayena	▁dhammassa ▁ārammaṇapaccay ena ▁paccayo ▁sahajātapaccay ena ▁paccayo ▁upa nissayapaccayena
PA_patthana_3.2:202.1_2	paccayo. (Saṅkhittaṁ.)	▁paccayo ▁saṃkhittaṃ
PA_patthana_3.2:203.1	Nahetuyā nava, naārammaṇe nava. (Saṅkhittaṁ.)	▁nahetu yā ▁nava ▁na ārammaṇ e ▁nava ▁saṃkhittaṃ
PA_patthana_3.2:204.1	Hetupaccayā naārammaṇe tīṇi. (Saṅkhittaṁ.)	▁hetupaccayā ▁na ārammaṇ e ▁tīṇi ▁saṃkhittaṃ
PA_patthana_3.2:205.1	Nahetupaccayā ārammaṇe nava. (Saṅkhittaṁ.)	▁nahetupaccayā ▁ārammaṇe ▁nava ▁saṃkhittaṃ
PA_patthana_3.2:206.1	(Yathā kusalattike pañhāvārassa anulomampi paccanīyampi anulomapaccanīyampi paccanīyānulomampi gaṇitaṁ, evaṁ gaṇetabbaṁ.)	▁yathā ▁kusal att ike ▁pañhāvār assa ▁anulom ampi ▁pacc anīy ampi ▁a nulomapaccanīya mpi ▁pacc anīy ānulom ampi ▁gaṇ itaṃ ▁evaṃ ▁gaṇ etabbaṃ
PA_patthana_3.2:207.1	Hetuhetusampayuttadukakusalattikaṁ niṭṭhitaṁ.	▁hetu hetu sampayutta d uk akusal attika ṃ ▁niṭṭhitaṃ
PA_patthana_3.2:208.0.1	3.2.6. Nahetusahetukaduka, Kusalattika	▁nahetu s ahetu k aduk a ▁kusal attika
PA_patthana_3.2:208.0.2	3.2.6.1. Kusalākusalapada	▁kusalākusal apad a
PA_patthana_3.2:208.0.3	3.2.6.1.1–7 Paṭiccādivāra	▁paṭ iccādi vā ra
PA_patthana_3.2:208.0.4	Paccayacatukka	▁paccay acatukk a
PA_patthana_3.2:208.0.5	Hetu	▁hetu
PA_patthana_3.2:208.1	Nahetuṁ sahetukaṁ kusalaṁ dhammaṁ paṭicca nahetu sahetuko kusalo dhammo uppajjati hetupaccayā. (Saṅkhittaṁ.)	▁nahetu ṃ ▁sahetuk aṃ ▁kusalaṃ ▁dhammaṃ ▁paṭicca ▁nahetu ▁sahetuk o ▁kusal o ▁dhammo ▁uppajjati ▁hetupaccayā ▁saṃkhittaṃ
PA_patthana_3.2:209.1	Hetuyā ekaṁ, ārammaṇe ekaṁ (sabbattha ekaṁ), avigate ekaṁ.	▁hetuyā ▁ekaṃ ▁ārammaṇe ▁ekaṃ ▁sabbattha ▁ekaṃ ▁avigate ▁ekaṃ
PA_patthana_3.2:210.1	Naadhipatiyā ekaṁ, napurejāte ekaṁ …pe… navipāke ekaṁ, navippayutte ekaṁ. (Pañhāvārepi sabbattha ekaṁ.)	▁na adhipatiyā ▁ekaṃ ▁napurejāte ▁ekaṃ ▁pe ▁navipāke ▁ekaṃ ▁navippayutte ▁ekaṃ ▁pañhāvār epi ▁sabbattha ▁ekaṃ
PA_patthana_3.2:211.0	Hetu	▁hetu
PA_patthana_3.2:211.1	Nahetuṁ sahetukaṁ akusalaṁ dhammaṁ paṭicca nahetu sahetuko akusalo dhammo uppajjati hetupaccayā. (Saṅkhittaṁ.)	▁nahetu ṃ ▁sahetuk aṃ ▁akusal aṃ ▁dhammaṃ ▁paṭicca ▁nahetu ▁sahetuk o ▁akusal o ▁dhammo ▁uppajjati ▁hetupaccayā ▁saṃkhittaṃ
PA_patthana_3.2:212.1	Hetuyā ekaṁ, ārammaṇe ekaṁ (sabbattha ekaṁ), avigate ekaṁ. (Hetupaccayo natthi. Pañhāvārepi sabbattha ekaṁ, pañhāvārepi imesaṁ tiṇṇannaṁ hetupaccayo natthi.)	▁hetuyā ▁ekaṃ ▁ārammaṇe ▁ekaṃ ▁sabbattha ▁ekaṃ ▁avigate ▁ekaṃ ▁hetupaccay o ▁natthi ▁pañhāvār epi ▁sabbattha ▁ekaṃ ▁pañhāvār epi ▁imesaṃ ▁ ti ṇṇa nnaṃ ▁hetupaccay o ▁natthi
PA_patthana_3.2:213.0.1	3.2.6.3. Abyākatapada	▁abyākat apad a
PA_patthana_3.2:213.0.2	3.2.6.3.1–6 Paṭiccādivāra	▁paṭ iccādi vā ra
PA_patthana_3.2:213.0.3	Paccayacatukka	▁paccay acatukk a
PA_patthana_3.2:213.0.4	Hetu	▁hetu
PA_patthana_3.2:213.1_0	Nahetuṁ sahetukaṁ abyākataṁ dhammaṁ paṭicca nahetu sahetuko abyākato dhammo uppajjati	▁nahetu ṃ ▁sahetuk aṃ ▁abyākat aṃ ▁dhammaṃ ▁paṭicca ▁nahetu ▁sahetuk o ▁abyākat o ▁dhammo ▁uppajjati
PA_patthana_3.2:213.1_1	hetupaccayā. Nahetuṁ sahetukaṁ abyākataṁ dhammaṁ paṭicca nahetu ahetuko abyākato	▁hetupaccayā ▁nahetu ṃ ▁sahetuk aṃ ▁abyākat aṃ ▁dhammaṃ ▁paṭicca ▁nahetu ▁ahetuk o ▁abyākat o
PA_patthana_3.2:213.1_2	dhammo uppajjati hetupaccayā. Nahetuṁ sahetukaṁ abyākataṁ dhammaṁ paṭicca nahetu	▁dhammo ▁uppajjati ▁hetupaccayā ▁nahetu ṃ ▁sahetuk aṃ ▁abyākat aṃ ▁dhammaṃ ▁paṭicca ▁nahetu
PA_patthana_3.2:213.1_3	sahetuko abyākato ca nahetu ahetuko abyākato ca dhammā uppajjanti hetupaccayā.	▁sahetuk o ▁abyākat o ▁ca ▁nahetu ▁ahetuk o ▁abyākat o ▁ca ▁dhammā ▁uppajjanti ▁hetupaccayā
PA_patthana_3.2:214.1	Nahetuṁ ahetukaṁ abyākataṁ dhammaṁ paṭicca nahetu ahetuko abyākato dhammo uppajjati hetupaccayā … tīṇi.	▁nahetu ṃ ▁ahetuk aṃ ▁abyākat aṃ ▁dhammaṃ ▁paṭicca ▁nahetu ▁ahetuk o ▁abyākat o ▁dhammo ▁uppajjati ▁hetupaccayā ▁tīṇi
PA_patthana_3.2:215.1	Nahetuṁ sahetukaṁ abyākatañca nahetuṁ ahetukaṁ abyākatañca dhammaṁ paṭicca nahetu sahetuko abyākato dhammo uppajjati hetupaccayā … tīṇi. (Saṅkhittaṁ.)	▁nahetu ṃ ▁sahetuk aṃ ▁abyākat añca ▁nahetu ṃ ▁ahetuk aṃ ▁abyākat añca ▁dhammaṃ ▁paṭicca ▁nahetu ▁sahetuk o ▁abyākat o ▁dhammo ▁uppajjati ▁hetupaccayā ▁tīṇi ▁saṃkhittaṃ
PA_patthana_3.2:216.1	Hetuyā nava, ārammaṇe cattāri, adhipatiyā pañca …pe… purejāte āsevane dve, kamme nava, vipāke nava …pe… avigate nava. (Saṅkhittaṁ.)	▁hetuyā ▁nava ▁ārammaṇe ▁cattāri ▁ adhipatiyā ▁pañca ▁pe ▁purejāt e ▁āsevan e ▁dve ▁kamm e ▁nava ▁vipāk e ▁nava ▁pe ▁avigate ▁nava ▁saṃkhittaṃ
PA_patthana_3.2:217.0	Nahetu	▁nahetu
PA_patthana_3.2:217.1	Nahetuṁ ahetukaṁ abyākataṁ dhammaṁ paṭicca nahetu ahetuko abyākato dhammo uppajjati nahetupaccayā. (Saṅkhittaṁ.)	▁nahetu ṃ ▁ahetuk aṃ ▁abyākat aṃ ▁dhammaṃ ▁paṭicca ▁nahetu ▁ahetuk o ▁abyākat o ▁dhammo ▁uppajjati ▁nahetupaccayā ▁saṃkhittaṃ
PA_patthana_3.2:218.1_0	Nahetuyā ekaṁ, naārammaṇe tīṇi, naadhipatiyā nava, naanantare tīṇi, nasamanantare	▁nahetu yā ▁ekaṃ ▁na ārammaṇ e ▁tīṇi ▁na adhipatiyā ▁nava ▁na an antare ▁tīṇi ▁nasamanantar e
PA_patthana_3.2:218.1_1	tīṇi, naaññamaññe tīṇi, naupanissaye tīṇi, napurejāte nava, napacchājāte nava, naāsevane	▁tīṇi ▁na a ññ amaññ e ▁tīṇi ▁naupanissaye ▁tīṇi ▁napurejāte ▁nava ▁napacchājāte ▁nava ▁naāsevane
PA_patthana_3.2:218.1_2	nava, nakamme dve, navipāke pañca, naāhāre ekaṁ, naindriye ekaṁ, najhāne ekaṁ, namagge	▁nava ▁na kamm e ▁dve ▁navipāke ▁pañca ▁na ā hār e ▁ekaṃ ▁na indriy e ▁ekaṃ ▁ najhāne ▁ekaṃ ▁na magge
PA_patthana_3.2:218.1_3	ekaṁ, nasampayutte tīṇi, navippayutte dve, nonatthiyā tīṇi, novigate tīṇi. (Saṅkhittaṁ.)	▁ekaṃ ▁na sampayutte ▁tīṇi ▁navippayutte ▁dve ▁no natthiyā ▁tīṇi ▁novigate ▁tīṇi ▁saṃkhittaṃ
PA_patthana_3.2:219.1	Hetupaccayā naārammaṇe tīṇi. (Saṅkhittaṁ.)	▁hetupaccayā ▁na ārammaṇ e ▁tīṇi ▁saṃkhittaṃ
PA_patthana_3.2:220.1	Nahetupaccayā ārammaṇe ekaṁ. (Saṅkhittaṁ.)	▁nahetupaccayā ▁ārammaṇe ▁ekaṃ ▁saṃkhittaṃ
PA_patthana_3.2:221.1	(Sahajātavāropi paccayavāropi nissayavāropi saṁsaṭṭhavāropi sampayuttavāropi paṭiccavārasadisā vitthāretabbā.)	▁sahajātavār opi ▁paccay avāro pi ▁nissay avāro pi ▁ saṃsaṭṭh avāro pi ▁sampayutt avāro pi ▁paṭicca vā r asadis ā ▁vitthār etabbā
PA_patthana_3.2:222.0.1	3.2.6.3.7. Pañhāvāra	▁pañhāvār a
PA_patthana_3.2:222.0.2	Paccayacatukka	▁paccay acatukk a
PA_patthana_3.2:222.0.3	Ārammaṇa	▁ārammaṇ a
PA_patthana_3.2:222.1	Nahetu sahetuko abyākato dhammo nahetussa sahetukassa abyākatassa dhammassa ārammaṇapaccayena paccayo. (Saṅkhittaṁ.)	▁nahetu ▁sahetuk o ▁abyākat o ▁dhammo ▁nahetu ssa ▁sahetuk assa ▁abyākat assa ▁dhammassa ▁ārammaṇapaccay ena ▁paccayo ▁saṃkhittaṃ
PA_patthana_3.2:223.1_0	Ārammaṇe cattāri, adhipatiyā cattāri, anantare cattāri, samanantare cattāri, sahajāte	▁ārammaṇe ▁cattāri ▁ adhipatiyā ▁cattāri ▁anantar e ▁cattāri ▁sam an antare ▁cattāri ▁sahajāt e
PA_patthana_3.2:223.1_1	satta, aññamaññe cha, nissaye satta, upanissaye cattāri, purejāte dve, pacchājāte	▁satta ▁aññamaññ e ▁cha ▁nissay e ▁satta ▁upanissaye ▁cattāri ▁purejāt e ▁dve ▁pacchā jāt e
PA_patthana_3.2:223.1_2	dve, āsevane dve, kamme cattāri, vipāke cattāri, āhāre cattāri, indriye cattāri,	▁dve ▁āsevan e ▁dve ▁kamm e ▁cattāri ▁vipāk e ▁cattāri ▁āhār e ▁cattāri ▁indriy e ▁cattāri
PA_patthana_3.2:223.1_3	jhāne cattāri, magge tīṇi, sampayutte dve, vippayutte tīṇi, atthiyā satta, natthiyā	▁jhān e ▁cattāri ▁magg e ▁tīṇi ▁sampayutt e ▁dve ▁ vippayutt e ▁tīṇi ▁atthi yā ▁satta ▁natthi yā
PA_patthana_3.2:223.1_4	cattāri, vigate cattāri, avigate satta. (Saṅkhittaṁ.)	▁cattāri ▁vigat e ▁cattāri ▁avigate ▁satta ▁saṃkhittaṃ
PA_patthana_3.2:224.0	Paccanīyuddhāra	▁pacc anīy uddhār a
PA_patthana_3.2:224.1	Nahetu sahetuko abyākato dhammo nahetussa sahetukassa abyākatassa dhammassa ārammaṇapaccayena paccayo … sahajātapaccayena paccayo … upanissayapaccayena paccayo. (Saṅkhittaṁ.)	▁nahetu ▁sahetuk o ▁abyākat o ▁dhammo ▁nahetu ssa ▁sahetuk assa ▁abyākat assa ▁dhammassa ▁ārammaṇapaccay ena ▁paccayo ▁sahajātapaccay ena ▁paccayo ▁upa nissayapaccayena ▁paccayo ▁saṃkhittaṃ
PA_patthana_3.2:225.1	Nahetuyā satta, naārammaṇe satta. (Saṅkhittaṁ.)	▁nahetu yā ▁satta ▁na ārammaṇ e ▁satta ▁saṃkhittaṃ
PA_patthana_3.2:226.1	Ārammaṇapaccayā nahetuyā cattāri. (Saṅkhittaṁ.)	▁ārammaṇapaccay ā ▁nahetu yā ▁cattāri ▁saṃkhittaṃ
PA_patthana_3.2:227.1	Nahetupaccayā ārammaṇe cattāri. (Saṅkhittaṁ.)	▁nahetupaccayā ▁ārammaṇe ▁cattāri ▁saṃkhittaṃ
PA_patthana_3.2:228.1	(Yathā kusalattike pañhāvārassa anulomampi paccanīyampi anulomapaccanīyampi paccanīyānulomampi gaṇitaṁ, evaṁ gaṇetabbaṁ.)	▁yathā ▁kusal att ike ▁pañhāvār assa ▁anulom ampi ▁pacc anīy ampi ▁a nulomapaccanīya mpi ▁pacc anīy ānulom ampi ▁gaṇ itaṃ ▁evaṃ ▁gaṇ etabbaṃ
PA_patthana_3.2:229.1	Nahetusahetukadukakusalattikaṁ niṭṭhitaṁ.	▁nahetu s ahetu k aduk akusal attika ṃ ▁niṭṭhitaṃ
PA_patthana_3.2:230.1	Hetugocchakaṁ niṭṭhitaṁ.	▁hetu go cch akaṃ ▁niṭṭhitaṃ
